0.443195
0.211517
0.231053
0.254687
0.281500
0.240496
0.352088
0.219712
0.262247
0.287224
0.220430
0.247666
0.273077
0.274331
0.464723
0.401936
0.269161
0.321479
0.284716
0.308484
0.213576
0.298707
0.242224
0.204218
0.284119
0.213161
0.250820
0.398509
0.237037
0.519225
0.230292
0.292644
0.231243
0.226961
0.263114
0.202116
0.343849
0.210709
0.337473
0.254782
0.379307
0.237368
0.232265
0.227559
0.361838
0.274379
0.260448
0.309108
0.265315
0.239970
0.290020
0.232414
0.226346
0.259909
0.203079
0.211693
0.299272
0.400529
0.210989
0.459627
0.216000
0.266850
0.251049
0.225924
0.384262
0.202407
0.347730
0.284292
0.289373
0.206864
0.262311
0.256856
0.205847
0.228448
0.324949
0.265962
0.454584
0.277422
0.262286
0.363517
0.255070
0.300475
0.212948
0.314798
0.254148
0.228762
0.211881
0.222870
0.248585
0.288611
0.305111
0.248967
0.376849
0.392694
0.204315
0.253806
0.251651
0.286047
0.238242
0.398174
0.231028
0.234165
0.377365
0.428171
0.269188
0.366342
0.214041
0.315569
0.266438
0.227577
0.253721
0.243773
0.307716
0.226885
0.252794
0.234375
0.337439
0.322372
0.328661
0.245689
0.270718
0.210470
0.336482
0.206232
0.360503
0.221828
0.322024
0.210927
0.225000
0.216455
0.294463
0.334453
0.313792
0.243205
0.336906
0.239295
0.219732
0.250295
0.285447
0.272792
0.434524
0.257086
0.208621
0.215768
0.245140
0.266875
0.256617
0.355655
0.244139
0.324868
0.274277
0.300393
0.323303
0.232980
0.224588
0.202820
0.385626
0.621899
0.216009
0.328150
0.227498
0.205794
0.203992
0.225383
0.228467
0.283238
0.282188
0.290313
0.234370
0.327919
0.315186
0.353982
0.352646
0.257073
0.265296
0.288142
0.296200
0.252924
0.216372
0.221864
0.246576
0.227724
0.216388
0.395386
0.237997
0.266284
0.286601
0.202945
0.252197
0.225603
0.210028
0.250588
0.292660
0.226381
0.245898
0.297047
0.259149
0.291515
0.303375
0.262538
0.249606
0.232029
0.303356
0.229117
0.215025
0.216966
0.223904
0.323597
0.237170
0.227407
0.284315
0.261361
0.213273
0.280095
0.259853
0.271594
0.318662
0.309494
0.275148
0.430979
0.270253
0.254347
0.211509
0.253565
0.242115
0.230664
0.209964
0.253802
0.474918
0.341670
0.401360
0.246691
0.255760
0.294988
0.256479
0.270871
0.302528
0.270968
0.276572
0.211065
0.213035
0.405512
0.237467
0.301506
0.227231
0.231956
0.214314
0.224553
0.233162
0.254981
0.206111
