0.192205
0.252858
0.267745
0.286102
0.271057
0.272663
0.264449
0.189406
0.263593
0.288018
0.286880
0.267249
0.264867
0.259245
0.271826
0.286737
0.238886
0.239327
0.241300
0.214720
0.236286
0.203027
0.266670
0.243442
0.260449
0.224777
0.197333
0.271320
0.249810
0.263303
0.243687
0.207014
0.210451
0.260842
0.256490
0.260779
0.263466
0.269275
0.281844
0.278183
0.277805
0.240360
0.192139
0.217483
0.254507
0.249149
0.266133
0.256150
0.217909
0.277703
0.270029
0.269607
0.235921
0.240819
0.244401
0.282736
0.209126
0.218468
0.198720
0.286917
0.269540
0.217618
0.231273
0.155984
0.255470
0.238656
0.254184
0.253718
0.175228
0.166805
0.219733
0.285344
0.259621
0.216833
0.187790
0.279428
0.258079
0.234684
0.281175
0.265905
0.235158
0.255902
0.253831
0.249714
0.272871
0.227561
0.284467
0.283911
0.284833
0.289069
0.171875
0.238013
0.286314
0.201265
0.246459
0.288275
0.254822
0.251623
0.287738
0.274617
0.204674
0.211302
0.255830
0.266397
0.254736
0.282680
0.271701
0.161000
0.240074
0.224919
0.220724
0.250254
0.264332
0.216796
0.199368
0.220617
0.221595
0.288731
0.279252
0.241612
0.235907
0.280248
0.233353
0.244995
0.181652
0.243165
0.258597
0.267335
0.239399
0.223916
0.242224
0.183672
0.242164
0.196094
0.266139
0.229027
0.166520
0.226414
0.235309
0.260171
0.265218
0.234690
0.233739
0.284598
0.172049
0.246828
0.288393
0.251904
0.174037
0.241008
0.208839
0.244514
0.276859
0.234035
0.244423
0.274920
0.161883
0.265790
0.271816
0.252890
0.276347
0.228805
0.151303
0.236545
0.222490
0.248358
0.187344
0.215507
0.270835
0.279900
0.202163
0.279734
0.254616
0.231724
0.228780
0.240009
0.263391
0.259873
0.266984
0.200174
0.229759
0.248707
0.275012
0.260384
0.281395
0.249396
0.278407
0.146330
0.287943
0.250988
0.275748
0.247882
0.246817
0.282688
0.284204
0.216974
0.256936
0.236124
0.269476
0.243809
0.244255
0.162589
0.251853
0.217397
0.278582
0.186494
0.267482
0.226702
0.174287
0.277023
0.235855
0.255436
0.182009
0.279619
0.238013
0.258490
0.211554
0.247070
0.246829
0.246739
0.271926
0.224157
0.279049
0.238683
0.243622
0.191511
0.238563
0.271384
0.276892
0.250153
0.136050
0.273455
0.259930
0.285332
0.240981
0.262386
0.265658
0.238172
0.240757
0.152435
0.231233
0.263000
0.255963
0.268995
0.283379
0.206837
0.262548
0.242882
0.240494
0.286307
0.208647
0.235984
0.252237
0.231681
0.274136
0.263553
0.278474
0.283086
0.233019
0.199629
0.190650
0.245038
0.287172
0.249790
0.242041
0.255936
0.263903
0.288409
0.273157
0.241400
0.241760
0.270780
0.245887
0.261335
0.239790
0.237660
0.240540
0.236198
0.226685
0.181545
0.229501
0.261958
0.221823
0.282180
0.159245
0.283397
0.205555
0.210915
0.199422
0.277379
0.266307
0.280320
0.264533
0.238444
0.245526
0.274923
0.202652
0.245599
0.265261
0.240390
0.287365
0.263448
0.282325
0.275075
0.269118
0.272749
0.268920
0.276349
0.241526
0.256577
0.255226
0.285039
0.285972
0.221022
0.223907
0.175732
0.273277
0.153028
0.211337
0.214034
0.221369
0.265200
0.236490
0.263599
0.228948
0.224909
0.221949
0.282297
0.222394
0.232750
0.232474
0.207820
0.282771
0.287715
0.259137
0.275826
0.285282
0.280596
0.206746
0.238471
0.288007
0.212521
0.194948
0.243038
0.208438
0.267401
0.281114
0.280352
0.067292
0.269650
0.241988
0.215236
0.175145
0.123005
0.266031
0.259008
0.225031
0.239187
0.266464
0.256451
0.246991
0.269289
0.288310
0.272592
0.243072
0.224088
0.276452
0.197307
0.245183
0.287194
0.284106
0.250184
0.288552
0.229266
0.265520
0.172431
0.239516
0.233206
0.214571
0.218436
0.230264
0.238445
0.288462
0.139287
0.204743
0.241363
0.265670
0.239169
0.239372
0.184778
0.179447
0.278317
0.265580
0.215016
0.262037
0.220609
0.247449
0.276089
0.275116
0.225987
0.275610
0.280305
0.284578
0.234600
0.276436
0.287758
0.268958
0.282332
0.268545
0.289475
0.264803
0.281478
0.223662
0.266307
0.254804
0.205940
0.238326
0.271119
0.246214
0.261423
0.278587
0.255752
0.287902
0.261289
0.248955
0.203492
0.274534
0.211204
0.239713
0.267371
0.285939
0.260648
0.235504
0.287882
0.266371
0.250585
0.234411
0.267089
0.181824
0.280520
0.209747
0.247545
0.264263
0.193255
0.217605
0.155914
0.255727
0.247320
0.242230
0.259141
0.231571
0.272019
0.277173
0.217899
0.284859
0.265762
0.277270
0.179233
0.288148
0.281448
0.230469
0.240873
0.258602
0.150880
0.239031
0.278211
0.265658
0.228251
0.255677
0.244696
0.251133
0.186971
0.244569
0.173888
0.178602
0.209018
0.226421
0.189009
0.257899
0.197557
0.262823
0.260508
0.213254
0.271450
0.216392
0.226652
0.257301
0.195159
0.209927
0.264522
0.276386
0.285736
0.268667
0.249627
0.279966
0.188155
0.286596
0.266338
0.265689
0.284835
0.285828
0.190574
0.241001
0.270702
0.289027
0.255272
0.256584
0.224576
0.278978
0.288240
0.233069
0.235941
0.286901
0.237300
0.234351
0.258894
0.288741
0.260362
0.262313
0.208476
0.271311
0.276626
0.224727
0.284119
0.266568
0.228173
0.271482
0.191087
0.271037
0.252580
0.278943
0.175242
0.264567
0.288756
0.287218
0.201459
0.248230
0.203749
0.201339
0.196522
0.184573
0.250738
0.269203
0.181502
0.247278
0.183649
0.281049
0.263793
0.286222
0.243536
0.277564
0.270074
0.218125
0.234412
0.256873
0.247265
0.279579
0.258881
0.205181
0.233920
0.223816
0.237785
0.254440
0.224889
0.240452
0.247323
0.180272
0.245707
0.226893
0.274654
0.275363
0.275606
0.221534
0.268510
0.212313
0.259916
0.265754
0.211093
0.261055
0.284251
0.269883
0.198798
0.223863
0.268610
0.260449
0.277899
0.269667
0.148916
0.282188
0.286314
0.239846
0.224008
0.193512
0.221958
0.199053
0.237542
0.138916
0.225777
0.226235
0.286492
0.215259
0.285498
0.207620
0.232756
0.185362
0.238211
0.271063
0.260155
0.257023
0.281721
0.286089
0.239999
0.186319
0.279945
0.282690
0.262691
0.261737
0.270356
0.257118
0.260074
0.205076
0.221730
0.183060
0.096813
0.234862
0.263713
0.265772
0.253858
0.203453
0.229303
0.276724
0.162031
0.246469
0.260744
0.126891
0.225362
0.270834
0.261264
0.284834
0.215621
0.255706
0.266357
0.235496
0.168266
0.252777
0.262726
0.288622
0.245639
0.282190
0.271329
0.279141
0.252350
0.195102
0.236608
0.254481
0.209318
0.261184
0.289556
0.281392
0.260643
0.249703
0.187561
0.274612
0.203371
0.242626
0.243247
0.289250
0.176785
0.279675
0.254078
0.243497
0.286405
0.218303
0.201764
0.274659
0.256345
0.268091
0.283901
0.268987
0.217377
0.263476
0.167082
0.183311
0.281848
0.286754
0.250276
0.237302
0.282776
0.242161
0.279748
0.204442
0.232948
0.268494
0.261836
0.235445
0.221541
0.287588
0.284592
0.267552
0.200807
0.240641
0.246955
0.283538
0.264837
0.171103
0.249684
0.265447
0.245461
0.195087
0.272593
0.203875
0.224766
0.274375
0.245874
0.273466
0.257225
0.243627
0.253078
0.238836
0.238225
0.252199
0.214308
0.209073
0.275191
0.179948
0.236103
0.249796
0.257111
0.154706
0.285765
0.249719
0.282135
0.236362
0.237699
0.260247
0.236157
0.252423
0.281346
0.250929
0.187084
0.202058
0.249030
0.253642
0.287740
0.192490
0.286117
0.241960
0.249019
0.247548
0.265879
0.261794
0.197331
0.237786
0.279382
0.227346
0.273230
0.243407
0.253726
0.245574
0.248605
0.282201
0.267009
0.244382
0.232178
0.267500
0.247526
0.276223
0.246262
0.193795
0.276401
0.196816
0.176769
0.221383
0.265012
0.248045
0.265181
0.225823
0.259008
0.158462
0.258296
0.194258
0.261192
0.260076
0.190928
0.263446
0.260974
0.213284
0.280524
0.255631
0.190403
0.177854
0.259203
0.228481
0.226878
0.282055
0.204269
0.263012
0.232479
0.242286
0.226873
0.165022
0.179916
0.250917
0.261712
0.273069
0.179588
0.285089
0.266858
0.284524
0.279319
0.244527
0.266029
0.248030
