0.000000 0.000000 0.000010 0.000010 0.000020
0.000000 0.025000 0.003000 0.000010 0.003010
0.000000 0.050000 0.003000 0.000010 0.003010
0.000000 0.075000 0.017000 0.000010 0.017010
0.000000 0.100000 0.018000 0.000010 0.018010
0.000000 0.125000 0.044000 0.000010 0.044010
0.000000 0.150000 0.050000 0.000010 0.050010
0.000000 0.175000 0.074000 0.000010 0.074010
0.000000 0.200000 0.012000 0.101000 0.113000
0.000000 0.225000 0.012000 0.101000 0.113000
0.000000 0.250000 0.000010 0.120000 0.120010
0.000000 0.275000 0.000010 0.109000 0.109010
0.000000 0.300000 0.000010 0.131000 0.131010
0.000000 0.325000 0.000010 0.107000 0.107010
0.000000 0.350000 0.000010 0.084000 0.084010
0.000000 0.375000 0.000010 0.067000 0.067010
0.000000 0.400000 0.000010 0.029000 0.029010
0.000000 0.425000 0.000010 0.020000 0.020010
0.000000 0.450000 0.000010 0.007000 0.007010
0.000000 0.475000 0.000010 0.004000 0.004010
0.000000 0.500000 0.000010 0.002000 0.002010
0.000000 0.525000 0.000010 0.000010 0.000020
0.000000 0.550000 0.000010 0.000010 0.000020
0.000000 0.575000 0.000010 0.001000 0.001010
0.000000 0.600000 0.000010 0.000010 0.000020
0.000000 0.625000 0.000010 0.000010 0.000020
0.000000 0.650000 0.000010 0.000010 0.000020
0.000000 0.675000 0.000010 0.000010 0.000020
0.000000 0.700000 0.000010 0.000010 0.000020

0.050000 0.000000 0.000010 0.000010 0.000020
0.050000 0.025000 0.004050 0.000010 0.004060
0.050000 0.050000 0.004050 0.000010 0.004060
0.050000 0.075000 0.019700 0.000010 0.019710
0.050000 0.100000 0.023900 0.000010 0.023910
0.050000 0.125000 0.051100 0.000010 0.051110
0.050000 0.150000 0.056300 0.000010 0.056310
0.050000 0.175000 0.076350 0.000010 0.076360
0.050000 0.200000 0.013150 0.098800 0.111950
0.050000 0.225000 0.013150 0.098800 0.111950
0.050000 0.250000 0.000010 0.116600 0.116610
0.050000 0.275000 0.000010 0.106050 0.106060
0.050000 0.300000 0.000010 0.125950 0.125960
0.050000 0.325000 0.000010 0.102650 0.102660
0.050000 0.350000 0.000010 0.080400 0.080410
0.050000 0.375000 0.000010 0.064050 0.064060
0.050000 0.400000 0.000010 0.028100 0.028110
0.050000 0.425000 0.000010 0.019050 0.019060
0.050000 0.450000 0.000010 0.006850 0.006860
0.050000 0.475000 0.000010 0.004000 0.004010
0.050000 0.500000 0.000010 0.001901 0.001911
0.050000 0.525000 0.000010 0.000060 0.000070
0.050000 0.550000 0.000010 0.000010 0.000020
0.050000 0.575000 0.000010 0.000950 0.000960
0.050000 0.600000 0.000010 0.000010 0.000020
0.050000 0.625000 0.000010 0.000010 0.000020
0.050000 0.650000 0.000010 0.000060 0.000070
0.050000 0.675000 0.000010 0.000010 0.000020
0.050000 0.700000 0.000010 0.000010 0.000020

0.100000 0.000000 0.000010 0.000010 0.000020
0.100000 0.025000 0.005100 0.000010 0.005110
0.100000 0.050000 0.005100 0.000010 0.005110
0.100000 0.075000 0.022400 0.000010 0.022410
0.100000 0.100000 0.029800 0.000010 0.029810
0.100000 0.125000 0.058200 0.000010 0.058210
0.100000 0.150000 0.062600 0.000010 0.062610
0.100000 0.175000 0.078700 0.000010 0.078710
0.100000 0.200000 0.014300 0.096600 0.110900
0.100000 0.225000 0.014300 0.096600 0.110900
0.100000 0.250000 0.000010 0.113200 0.113210
0.100000 0.275000 0.000010 0.103100 0.103110
0.100000 0.300000 0.000010 0.120900 0.120910
0.100000 0.325000 0.000010 0.098300 0.098310
0.100000 0.350000 0.000010 0.076800 0.076810
0.100000 0.375000 0.000010 0.061100 0.061110
0.100000 0.400000 0.000010 0.027200 0.027210
0.100000 0.425000 0.000010 0.018100 0.018110
0.100000 0.450000 0.000010 0.006700 0.006710
0.100000 0.475000 0.000010 0.004000 0.004010
0.100000 0.500000 0.000010 0.001801 0.001811
0.100000 0.525000 0.000010 0.000109 0.000119
0.100000 0.550000 0.000010 0.000010 0.000020
0.100000 0.575000 0.000010 0.000901 0.000911
0.100000 0.600000 0.000010 0.000010 0.000020
0.100000 0.625000 0.000010 0.000010 0.000020
0.100000 0.650000 0.000010 0.000109 0.000119
0.100000 0.675000 0.000010 0.000010 0.000020
0.100000 0.700000 0.000010 0.000010 0.000020

0.150000 0.000000 0.000010 0.000010 0.000020
0.150000 0.025000 0.006150 0.000010 0.006160
0.150000 0.050000 0.006150 0.000010 0.006160
0.150000 0.075000 0.025100 0.000010 0.025110
0.150000 0.100000 0.035700 0.000010 0.035710
0.150000 0.125000 0.065300 0.000010 0.065310
0.150000 0.150000 0.068900 0.000010 0.068910
0.150000 0.175000 0.081050 0.000010 0.081060
0.150000 0.200000 0.015450 0.094400 0.109850
0.150000 0.225000 0.015450 0.094400 0.109850
0.150000 0.250000 0.000010 0.109800 0.109810
0.150000 0.275000 0.000010 0.100150 0.100160
0.150000 0.300000 0.000010 0.115850 0.115860
0.150000 0.325000 0.000010 0.093950 0.093960
0.150000 0.350000 0.000010 0.073200 0.073210
0.150000 0.375000 0.000010 0.058150 0.058160
0.150000 0.400000 0.000010 0.026300 0.026310
0.150000 0.425000 0.000010 0.017150 0.017160
0.150000 0.450000 0.000010 0.006550 0.006560
0.150000 0.475000 0.000010 0.004000 0.004010
0.150000 0.500000 0.000010 0.001701 0.001711
0.150000 0.525000 0.000010 0.000159 0.000169
0.150000 0.550000 0.000010 0.000010 0.000020
0.150000 0.575000 0.000010 0.000851 0.000861
0.150000 0.600000 0.000010 0.000010 0.000020
0.150000 0.625000 0.000010 0.000010 0.000020
0.150000 0.650000 0.000010 0.000159 0.000169
0.150000 0.675000 0.000010 0.000010 0.000020
0.150000 0.700000 0.000010 0.000010 0.000020

0.200000 0.000000 0.000010 0.000010 0.000020
0.200000 0.025000 0.007200 0.000010 0.007210
0.200000 0.050000 0.007200 0.000010 0.007210
0.200000 0.075000 0.027800 0.000010 0.027810
0.200000 0.100000 0.041600 0.000010 0.041610
0.200000 0.125000 0.072400 0.000010 0.072410
0.200000 0.150000 0.075200 0.000010 0.075210
0.200000 0.175000 0.083400 0.000010 0.083410
0.200000 0.200000 0.016600 0.092200 0.108800
0.200000 0.225000 0.016600 0.092200 0.108800
0.200000 0.250000 0.000010 0.106400 0.106410
0.200000 0.275000 0.000010 0.097200 0.097210
0.200000 0.300000 0.000010 0.110800 0.110810
0.200000 0.325000 0.000010 0.089600 0.089610
0.200000 0.350000 0.000010 0.069600 0.069610
0.200000 0.375000 0.000010 0.055200 0.055210
0.200000 0.400000 0.000010 0.025400 0.025410
0.200000 0.425000 0.000010 0.016200 0.016210
0.200000 0.450000 0.000010 0.006400 0.006410
0.200000 0.475000 0.000010 0.004000 0.004010
0.200000 0.500000 0.000010 0.001602 0.001612
0.200000 0.525000 0.000010 0.000208 0.000218
0.200000 0.550000 0.000010 0.000010 0.000020
0.200000 0.575000 0.000010 0.000802 0.000812
0.200000 0.600000 0.000010 0.000010 0.000020
0.200000 0.625000 0.000010 0.000010 0.000020
0.200000 0.650000 0.000010 0.000208 0.000218
0.200000 0.675000 0.000010 0.000010 0.000020
0.200000 0.700000 0.000010 0.000010 0.000020

0.250000 0.000000 0.000010 0.000010 0.000020
0.250000 0.025000 0.008250 0.000010 0.008260
0.250000 0.050000 0.008250 0.000010 0.008260
0.250000 0.075000 0.030500 0.000010 0.030510
0.250000 0.100000 0.047500 0.000010 0.047510
0.250000 0.125000 0.079500 0.000010 0.079510
0.250000 0.150000 0.081500 0.000010 0.081510
0.250000 0.175000 0.085750 0.000010 0.085760
0.250000 0.200000 0.017750 0.090000 0.107750
0.250000 0.225000 0.017750 0.090000 0.107750
0.250000 0.250000 0.000010 0.103000 0.103010
0.250000 0.275000 0.000010 0.094250 0.094260
0.250000 0.300000 0.000010 0.105750 0.105760
0.250000 0.325000 0.000010 0.085250 0.085260
0.250000 0.350000 0.000010 0.066000 0.066010
0.250000 0.375000 0.000010 0.052250 0.052260
0.250000 0.400000 0.000010 0.024500 0.024510
0.250000 0.425000 0.000010 0.015250 0.015260
0.250000 0.450000 0.000010 0.006250 0.006260
0.250000 0.475000 0.000010 0.004000 0.004010
0.250000 0.500000 0.000010 0.001502 0.001512
0.250000 0.525000 0.000010 0.000258 0.000268
0.250000 0.550000 0.000010 0.000010 0.000020
0.250000 0.575000 0.000010 0.000753 0.000763
0.250000 0.600000 0.000010 0.000010 0.000020
0.250000 0.625000 0.000010 0.000010 0.000020
0.250000 0.650000 0.000010 0.000258 0.000268
0.250000 0.675000 0.000010 0.000010 0.000020
0.250000 0.700000 0.000010 0.000010 0.000020

0.300000 0.000000 0.000010 0.000010 0.000020
0.300000 0.025000 0.009300 0.000010 0.009310
0.300000 0.050000 0.009300 0.000010 0.009310
0.300000 0.075000 0.033200 0.000010 0.033210
0.300000 0.100000 0.053400 0.000010 0.053410
0.300000 0.125000 0.086600 0.000010 0.086610
0.300000 0.150000 0.087800 0.000010 0.087810
0.300000 0.175000 0.088100 0.000010 0.088110
0.300000 0.200000 0.018900 0.087800 0.106700
0.300000 0.225000 0.018900 0.087800 0.106700
0.300000 0.250000 0.000010 0.099600 0.099610
0.300000 0.275000 0.000010 0.091300 0.091310
0.300000 0.300000 0.000010 0.100700 0.100710
0.300000 0.325000 0.000010 0.080900 0.080910
0.300000 0.350000 0.000010 0.062400 0.062410
0.300000 0.375000 0.000010 0.049300 0.049310
0.300000 0.400000 0.000010 0.023600 0.023610
0.300000 0.425000 0.000010 0.014300 0.014310
0.300000 0.450000 0.000010 0.006100 0.006110
0.300000 0.475000 0.000010 0.004000 0.004010
0.300000 0.500000 0.000010 0.001403 0.001413
0.300000 0.525000 0.000010 0.000307 0.000317
0.300000 0.550000 0.000010 0.000010 0.000020
0.300000 0.575000 0.000010 0.000703 0.000713
0.300000 0.600000 0.000010 0.000010 0.000020
0.300000 0.625000 0.000010 0.000010 0.000020
0.300000 0.650000 0.000010 0.000307 0.000317
0.300000 0.675000 0.000010 0.000010 0.000020
0.300000 0.700000 0.000010 0.000010 0.000020

0.350000 0.000000 0.000010 0.000010 0.000020
0.350000 0.025000 0.010350 0.000010 0.010360
0.350000 0.050000 0.010350 0.000010 0.010360
0.350000 0.075000 0.035900 0.000010 0.035910
0.350000 0.100000 0.059300 0.000010 0.059310
0.350000 0.125000 0.093700 0.000010 0.093710
0.350000 0.150000 0.094100 0.000010 0.094110
0.350000 0.175000 0.090450 0.000010 0.090460
0.350000 0.200000 0.020050 0.085600 0.105650
0.350000 0.225000 0.020050 0.085600 0.105650
0.350000 0.250000 0.000010 0.096200 0.096210
0.350000 0.275000 0.000010 0.088350 0.088360
0.350000 0.300000 0.000010 0.095650 0.095660
0.350000 0.325000 0.000010 0.076550 0.076560
0.350000 0.350000 0.000010 0.058800 0.058810
0.350000 0.375000 0.000010 0.046350 0.046360
0.350000 0.400000 0.000010 0.022700 0.022710
0.350000 0.425000 0.000010 0.013350 0.013360
0.350000 0.450000 0.000010 0.005950 0.005960
0.350000 0.475000 0.000010 0.004000 0.004010
0.350000 0.500000 0.000010 0.001304 0.001314
0.350000 0.525000 0.000010 0.000356 0.000367
0.350000 0.550000 0.000010 0.000010 0.000020
0.350000 0.575000 0.000010 0.000654 0.000664
0.350000 0.600000 0.000010 0.000010 0.000020
0.350000 0.625000 0.000010 0.000010 0.000020
0.350000 0.650000 0.000010 0.000356 0.000367
0.350000 0.675000 0.000010 0.000010 0.000020
0.350000 0.700000 0.000010 0.000010 0.000020

0.400000 0.000000 0.000010 0.000010 0.000020
0.400000 0.025000 0.011400 0.000010 0.011410
0.400000 0.050000 0.011400 0.000010 0.011410
0.400000 0.075000 0.038600 0.000010 0.038610
0.400000 0.100000 0.065200 0.000010 0.065210
0.400000 0.125000 0.100800 0.000010 0.100810
0.400000 0.150000 0.100400 0.000010 0.100410
0.400000 0.175000 0.092800 0.000010 0.092810
0.400000 0.200000 0.021200 0.083400 0.104600
0.400000 0.225000 0.021200 0.083400 0.104600
0.400000 0.250000 0.000010 0.092800 0.092810
0.400000 0.275000 0.000010 0.085400 0.085410
0.400000 0.300000 0.000010 0.090600 0.090610
0.400000 0.325000 0.000010 0.072200 0.072210
0.400000 0.350000 0.000010 0.055200 0.055210
0.400000 0.375000 0.000010 0.043400 0.043410
0.400000 0.400000 0.000010 0.021800 0.021810
0.400000 0.425000 0.000010 0.012400 0.012410
0.400000 0.450000 0.000010 0.005800 0.005810
0.400000 0.475000 0.000010 0.004000 0.004010
0.400000 0.500000 0.000010 0.001204 0.001214
0.400000 0.525000 0.000010 0.000406 0.000416
0.400000 0.550000 0.000010 0.000010 0.000020
0.400000 0.575000 0.000010 0.000604 0.000614
0.400000 0.600000 0.000010 0.000010 0.000020
0.400000 0.625000 0.000010 0.000010 0.000020
0.400000 0.650000 0.000010 0.000406 0.000416
0.400000 0.675000 0.000010 0.000010 0.000020
0.400000 0.700000 0.000010 0.000010 0.000020

0.450000 0.000000 0.000010 0.000010 0.000020
0.450000 0.025000 0.012450 0.000010 0.012460
0.450000 0.050000 0.012450 0.000010 0.012460
0.450000 0.075000 0.041300 0.000010 0.041310
0.450000 0.100000 0.071100 0.000010 0.071110
0.450000 0.125000 0.107900 0.000010 0.107910
0.450000 0.150000 0.106700 0.000010 0.106710
0.450000 0.175000 0.095150 0.000010 0.095160
0.450000 0.200000 0.022350 0.081200 0.103550
0.450000 0.225000 0.022350 0.081200 0.103550
0.450000 0.250000 0.000010 0.089400 0.089410
0.450000 0.275000 0.000010 0.082450 0.082460
0.450000 0.300000 0.000010 0.085550 0.085560
0.450000 0.325000 0.000010 0.067850 0.067860
0.450000 0.350000 0.000010 0.051600 0.051610
0.450000 0.375000 0.000010 0.040450 0.040460
0.450000 0.400000 0.000010 0.020900 0.020910
0.450000 0.425000 0.000010 0.011450 0.011460
0.450000 0.450000 0.000010 0.005650 0.005660
0.450000 0.475000 0.000010 0.004000 0.004010
0.450000 0.500000 0.000010 0.001105 0.001115
0.450000 0.525000 0.000010 0.000456 0.000466
0.450000 0.550000 0.000010 0.000010 0.000020
0.450000 0.575000 0.000010 0.000554 0.000565
0.450000 0.600000 0.000010 0.000010 0.000020
0.450000 0.625000 0.000010 0.000010 0.000020
0.450000 0.650000 0.000010 0.000456 0.000466
0.450000 0.675000 0.000010 0.000010 0.000020
0.450000 0.700000 0.000010 0.000010 0.000020

0.500000 0.000000 0.000010 0.000010 0.000020
0.500000 0.025000 0.013500 0.000010 0.013510
0.500000 0.050000 0.013500 0.000010 0.013510
0.500000 0.075000 0.044000 0.000010 0.044010
0.500000 0.100000 0.077000 0.000010 0.077010
0.500000 0.125000 0.115000 0.000010 0.115010
0.500000 0.150000 0.113000 0.000010 0.113010
0.500000 0.175000 0.097500 0.000010 0.097510
0.500000 0.200000 0.023500 0.079000 0.102500
0.500000 0.225000 0.023500 0.079000 0.102500
0.500000 0.250000 0.000010 0.086000 0.086010
0.500000 0.275000 0.000010 0.079500 0.079510
0.500000 0.300000 0.000010 0.080500 0.080510
0.500000 0.325000 0.000010 0.063500 0.063510
0.500000 0.350000 0.000010 0.048000 0.048010
0.500000 0.375000 0.000010 0.037500 0.037510
0.500000 0.400000 0.000010 0.020000 0.020010
0.500000 0.425000 0.000010 0.010500 0.010510
0.500000 0.450000 0.000010 0.005500 0.005510
0.500000 0.475000 0.000010 0.004000 0.004010
0.500000 0.500000 0.000010 0.001005 0.001015
0.500000 0.525000 0.000010 0.000505 0.000515
0.500000 0.550000 0.000010 0.000010 0.000020
0.500000 0.575000 0.000010 0.000505 0.000515
0.500000 0.600000 0.000010 0.000010 0.000020
0.500000 0.625000 0.000010 0.000010 0.000020
0.500000 0.650000 0.000010 0.000505 0.000515
0.500000 0.675000 0.000010 0.000010 0.000020
0.500000 0.700000 0.000010 0.000010 0.000020

0.550000 0.000000 0.000010 0.000010 0.000020
0.550000 0.025000 0.014550 0.000010 0.014560
0.550000 0.050000 0.014550 0.000010 0.014560
0.550000 0.075000 0.046700 0.000010 0.046710
0.550000 0.100000 0.082900 0.000010 0.082910
0.550000 0.125000 0.122100 0.000010 0.122110
0.550000 0.150000 0.119300 0.000010 0.119310
0.550000 0.175000 0.099850 0.000010 0.099860
0.550000 0.200000 0.024650 0.076800 0.101450
0.550000 0.225000 0.024650 0.076800 0.101450
0.550000 0.250000 0.000010 0.082600 0.082610
0.550000 0.275000 0.000010 0.076550 0.076560
0.550000 0.300000 0.000010 0.075450 0.075460
0.550000 0.325000 0.000010 0.059150 0.059160
0.550000 0.350000 0.000010 0.044400 0.044410
0.550000 0.375000 0.000010 0.034550 0.034560
0.550000 0.400000 0.000010 0.019100 0.019110
0.550000 0.425000 0.000010 0.009550 0.009560
0.550000 0.450000 0.000010 0.005350 0.005360
0.550000 0.475000 0.000010 0.004000 0.004010
0.550000 0.500000 0.000010 0.000906 0.000916
0.550000 0.525000 0.000010 0.000554 0.000564
0.550000 0.550000 0.000010 0.000010 0.000020
0.550000 0.575000 0.000010 0.000456 0.000466
0.550000 0.600000 0.000010 0.000010 0.000020
0.550000 0.625000 0.000010 0.000010 0.000020
0.550000 0.650000 0.000010 0.000554 0.000564
0.550000 0.675000 0.000010 0.000010 0.000020
0.550000 0.700000 0.000010 0.000010 0.000020

0.600000 0.000000 0.000010 0.000010 0.000020
0.600000 0.025000 0.015600 0.000010 0.015610
0.600000 0.050000 0.015600 0.000010 0.015610
0.600000 0.075000 0.049400 0.000010 0.049410
0.600000 0.100000 0.088800 0.000010 0.088810
0.600000 0.125000 0.129200 0.000010 0.129210
0.600000 0.150000 0.125600 0.000010 0.125610
0.600000 0.175000 0.102200 0.000010 0.102210
0.600000 0.200000 0.025800 0.074600 0.100400
0.600000 0.225000 0.025800 0.074600 0.100400
0.600000 0.250000 0.000010 0.079200 0.079210
0.600000 0.275000 0.000010 0.073600 0.073610
0.600000 0.300000 0.000010 0.070400 0.070410
0.600000 0.325000 0.000010 0.054800 0.054810
0.600000 0.350000 0.000010 0.040800 0.040810
0.600000 0.375000 0.000010 0.031600 0.031610
0.600000 0.400000 0.000010 0.018200 0.018210
0.600000 0.425000 0.000010 0.008600 0.008610
0.600000 0.450000 0.000010 0.005200 0.005210
0.600000 0.475000 0.000010 0.004000 0.004010
0.600000 0.500000 0.000010 0.000806 0.000816
0.600000 0.525000 0.000010 0.000604 0.000614
0.600000 0.550000 0.000010 0.000010 0.000020
0.600000 0.575000 0.000010 0.000406 0.000416
0.600000 0.600000 0.000010 0.000010 0.000020
0.600000 0.625000 0.000010 0.000010 0.000020
0.600000 0.650000 0.000010 0.000604 0.000614
0.600000 0.675000 0.000010 0.000010 0.000020
0.600000 0.700000 0.000010 0.000010 0.000020

0.650000 0.000000 0.000010 0.000010 0.000020
0.650000 0.025000 0.016650 0.000010 0.016660
0.650000 0.050000 0.016650 0.000010 0.016660
0.650000 0.075000 0.052100 0.000010 0.052110
0.650000 0.100000 0.094700 0.000010 0.094710
0.650000 0.125000 0.136300 0.000010 0.136310
0.650000 0.150000 0.131900 0.000010 0.131910
0.650000 0.175000 0.104550 0.000010 0.104560
0.650000 0.200000 0.026950 0.072400 0.099350
0.650000 0.225000 0.026950 0.072400 0.099350
0.650000 0.250000 0.000010 0.075800 0.075810
0.650000 0.275000 0.000010 0.070650 0.070660
0.650000 0.300000 0.000010 0.065350 0.065360
0.650000 0.325000 0.000010 0.050450 0.050460
0.650000 0.350000 0.000010 0.037200 0.037210
0.650000 0.375000 0.000010 0.028650 0.028660
0.650000 0.400000 0.000010 0.017300 0.017310
0.650000 0.425000 0.000010 0.007650 0.007660
0.650000 0.450000 0.000010 0.005050 0.005060
0.650000 0.475000 0.000010 0.004000 0.004010
0.650000 0.500000 0.000010 0.000706 0.000717
0.650000 0.525000 0.000010 0.000654 0.000664
0.650000 0.550000 0.000010 0.000010 0.000020
0.650000 0.575000 0.000010 0.000356 0.000367
0.650000 0.600000 0.000010 0.000010 0.000020
0.650000 0.625000 0.000010 0.000010 0.000020
0.650000 0.650000 0.000010 0.000654 0.000664
0.650000 0.675000 0.000010 0.000010 0.000020
0.650000 0.700000 0.000010 0.000010 0.000020

0.700000 0.000000 0.000010 0.000010 0.000020
0.700000 0.025000 0.017700 0.000010 0.017710
0.700000 0.050000 0.017700 0.000010 0.017710
0.700000 0.075000 0.054800 0.000010 0.054810
0.700000 0.100000 0.100600 0.000010 0.100610
0.700000 0.125000 0.143400 0.000010 0.143410
0.700000 0.150000 0.138200 0.000010 0.138210
0.700000 0.175000 0.106900 0.000010 0.106910
0.700000 0.200000 0.028100 0.070200 0.098300
0.700000 0.225000 0.028100 0.070200 0.098300
0.700000 0.250000 0.000010 0.072400 0.072410
0.700000 0.275000 0.000010 0.067700 0.067710
0.700000 0.300000 0.000010 0.060300 0.060310
0.700000 0.325000 0.000010 0.046100 0.046110
0.700000 0.350000 0.000010 0.033600 0.033610
0.700000 0.375000 0.000010 0.025700 0.025710
0.700000 0.400000 0.000010 0.016400 0.016410
0.700000 0.425000 0.000010 0.006700 0.006710
0.700000 0.450000 0.000010 0.004900 0.004910
0.700000 0.475000 0.000010 0.004000 0.004010
0.700000 0.500000 0.000010 0.000607 0.000617
0.700000 0.525000 0.000010 0.000703 0.000713
0.700000 0.550000 0.000010 0.000010 0.000020
0.700000 0.575000 0.000010 0.000307 0.000317
0.700000 0.600000 0.000010 0.000010 0.000020
0.700000 0.625000 0.000010 0.000010 0.000020
0.700000 0.650000 0.000010 0.000703 0.000713
0.700000 0.675000 0.000010 0.000010 0.000020
0.700000 0.700000 0.000010 0.000010 0.000020

0.750000 0.000000 0.000010 0.000010 0.000020
0.750000 0.025000 0.018750 0.000010 0.018760
0.750000 0.050000 0.018750 0.000010 0.018760
0.750000 0.075000 0.057500 0.000010 0.057510
0.750000 0.100000 0.106500 0.000010 0.106510
0.750000 0.125000 0.150500 0.000010 0.150510
0.750000 0.150000 0.144500 0.000010 0.144510
0.750000 0.175000 0.109250 0.000010 0.109260
0.750000 0.200000 0.029250 0.068000 0.097250
0.750000 0.225000 0.029250 0.068000 0.097250
0.750000 0.250000 0.000010 0.069000 0.069010
0.750000 0.275000 0.000010 0.064750 0.064760
0.750000 0.300000 0.000010 0.055250 0.055260
0.750000 0.325000 0.000010 0.041750 0.041760
0.750000 0.350000 0.000010 0.030000 0.030010
0.750000 0.375000 0.000010 0.022750 0.022760
0.750000 0.400000 0.000010 0.015500 0.015510
0.750000 0.425000 0.000010 0.005750 0.005760
0.750000 0.450000 0.000010 0.004750 0.004760
0.750000 0.475000 0.000010 0.004000 0.004010
0.750000 0.500000 0.000010 0.000507 0.000517
0.750000 0.525000 0.000010 0.000753 0.000763
0.750000 0.550000 0.000010 0.000010 0.000020
0.750000 0.575000 0.000010 0.000257 0.000267
0.750000 0.600000 0.000010 0.000010 0.000020
0.750000 0.625000 0.000010 0.000010 0.000020
0.750000 0.650000 0.000010 0.000753 0.000763
0.750000 0.675000 0.000010 0.000010 0.000020
0.750000 0.700000 0.000010 0.000010 0.000020

0.800000 0.000000 0.000010 0.000010 0.000020
0.800000 0.025000 0.019800 0.000010 0.019810
0.800000 0.050000 0.019800 0.000010 0.019810
0.800000 0.075000 0.060200 0.000010 0.060210
0.800000 0.100000 0.112400 0.000010 0.112410
0.800000 0.125000 0.157600 0.000010 0.157610
0.800000 0.150000 0.150800 0.000010 0.150810
0.800000 0.175000 0.111600 0.000010 0.111610
0.800000 0.200000 0.030400 0.065800 0.096200
0.800000 0.225000 0.030400 0.065800 0.096200
0.800000 0.250000 0.000010 0.065600 0.065610
0.800000 0.275000 0.000010 0.061800 0.061810
0.800000 0.300000 0.000010 0.050200 0.050210
0.800000 0.325000 0.000010 0.037400 0.037410
0.800000 0.350000 0.000010 0.026400 0.026410
0.800000 0.375000 0.000010 0.019800 0.019810
0.800000 0.400000 0.000010 0.014600 0.014610
0.800000 0.425000 0.000010 0.004800 0.004810
0.800000 0.450000 0.000010 0.004600 0.004610
0.800000 0.475000 0.000010 0.004000 0.004010
0.800000 0.500000 0.000010 0.000408 0.000418
0.800000 0.525000 0.000010 0.000802 0.000812
0.800000 0.550000 0.000010 0.000010 0.000020
0.800000 0.575000 0.000010 0.000208 0.000218
0.800000 0.600000 0.000010 0.000010 0.000020
0.800000 0.625000 0.000010 0.000010 0.000020
0.800000 0.650000 0.000010 0.000802 0.000812
0.800000 0.675000 0.000010 0.000010 0.000020
0.800000 0.700000 0.000010 0.000010 0.000020

0.850000 0.000000 0.000010 0.000010 0.000020
0.850000 0.025000 0.020850 0.000010 0.020860
0.850000 0.050000 0.020850 0.000010 0.020860
0.850000 0.075000 0.062900 0.000010 0.062910
0.850000 0.100000 0.118300 0.000010 0.118310
0.850000 0.125000 0.164700 0.000010 0.164710
0.850000 0.150000 0.157100 0.000010 0.157110
0.850000 0.175000 0.113950 0.000010 0.113960
0.850000 0.200000 0.031550 0.063600 0.095150
0.850000 0.225000 0.031550 0.063600 0.095150
0.850000 0.250000 0.000010 0.062200 0.062210
0.850000 0.275000 0.000010 0.058850 0.058860
0.850000 0.300000 0.000010 0.045150 0.045160
0.850000 0.325000 0.000010 0.033050 0.033060
0.850000 0.350000 0.000010 0.022800 0.022810
0.850000 0.375000 0.000010 0.016850 0.016860
0.850000 0.400000 0.000010 0.013700 0.013710
0.850000 0.425000 0.000010 0.003850 0.003860
0.850000 0.450000 0.000010 0.004450 0.004460
0.850000 0.475000 0.000010 0.004000 0.004010
0.850000 0.500000 0.000010 0.000308 0.000318
0.850000 0.525000 0.000010 0.000852 0.000862
0.850000 0.550000 0.000010 0.000010 0.000020
0.850000 0.575000 0.000010 0.000158 0.000168
0.850000 0.600000 0.000010 0.000010 0.000020
0.850000 0.625000 0.000010 0.000010 0.000020
0.850000 0.650000 0.000010 0.000852 0.000862
0.850000 0.675000 0.000010 0.000010 0.000020
0.850000 0.700000 0.000010 0.000010 0.000020

0.900000 0.000000 0.000010 0.000010 0.000020
0.900000 0.025000 0.021900 0.000010 0.021910
0.900000 0.050000 0.021900 0.000010 0.021910
0.900000 0.075000 0.065600 0.000010 0.065610
0.900000 0.100000 0.124200 0.000010 0.124210
0.900000 0.125000 0.171800 0.000010 0.171810
0.900000 0.150000 0.163400 0.000010 0.163410
0.900000 0.175000 0.116300 0.000010 0.116310
0.900000 0.200000 0.032700 0.061400 0.094100
0.900000 0.225000 0.032700 0.061400 0.094100
0.900000 0.250000 0.000010 0.058800 0.058810
0.900000 0.275000 0.000010 0.055900 0.055910
0.900000 0.300000 0.000010 0.040100 0.040110
0.900000 0.325000 0.000010 0.028700 0.028710
0.900000 0.350000 0.000010 0.019200 0.019210
0.900000 0.375000 0.000010 0.013900 0.013910
0.900000 0.400000 0.000010 0.012800 0.012810
0.900000 0.425000 0.000010 0.002900 0.002910
0.900000 0.450000 0.000010 0.004300 0.004310
0.900000 0.475000 0.000010 0.004000 0.004010
0.900000 0.500000 0.000010 0.000209 0.000219
0.900000 0.525000 0.000010 0.000901 0.000911
0.900000 0.550000 0.000010 0.000010 0.000020
0.900000 0.575000 0.000010 0.000109 0.000119
0.900000 0.600000 0.000010 0.000010 0.000020
0.900000 0.625000 0.000010 0.000010 0.000020
0.900000 0.650000 0.000010 0.000901 0.000911
0.900000 0.675000 0.000010 0.000010 0.000020
0.900000 0.700000 0.000010 0.000010 0.000020

0.950000 0.000000 0.000010 0.000010 0.000020
0.950000 0.025000 0.022950 0.000010 0.022960
0.950000 0.050000 0.022950 0.000010 0.022960
0.950000 0.075000 0.068300 0.000010 0.068310
0.950000 0.100000 0.130100 0.000010 0.130110
0.950000 0.125000 0.178900 0.000010 0.178910
0.950000 0.150000 0.169700 0.000010 0.169710
0.950000 0.175000 0.118650 0.000010 0.118660
0.950000 0.200000 0.033850 0.059200 0.093050
0.950000 0.225000 0.033850 0.059200 0.093050
0.950000 0.250000 0.000010 0.055400 0.055410
0.950000 0.275000 0.000010 0.052950 0.052960
0.950000 0.300000 0.000010 0.035050 0.035060
0.950000 0.325000 0.000010 0.024350 0.024360
0.950000 0.350000 0.000010 0.015600 0.015610
0.950000 0.375000 0.000010 0.010950 0.010960
0.950000 0.400000 0.000010 0.011900 0.011910
0.950000 0.425000 0.000010 0.001950 0.001960
0.950000 0.450000 0.000010 0.004150 0.004160
0.950000 0.475000 0.000010 0.004000 0.004010
0.950000 0.500000 0.000010 0.000109 0.000119
0.950000 0.525000 0.000010 0.000951 0.000961
0.950000 0.550000 0.000010 0.000010 0.000020
0.950000 0.575000 0.000010 0.000059 0.000069
0.950000 0.600000 0.000010 0.000010 0.000020
0.950000 0.625000 0.000010 0.000010 0.000020
0.950000 0.650000 0.000010 0.000951 0.000961
0.950000 0.675000 0.000010 0.000010 0.000020
0.950000 0.700000 0.000010 0.000010 0.000020

1.000000 0.000000 0.000010 0.000010 0.000020
1.000000 0.025000 0.024000 0.000010 0.024010
1.000000 0.050000 0.024000 0.000010 0.024010
1.000000 0.075000 0.071000 0.000010 0.071010
1.000000 0.100000 0.136000 0.000010 0.136010
1.000000 0.125000 0.186000 0.000010 0.186010
1.000000 0.150000 0.176000 0.000010 0.176010
1.000000 0.175000 0.121000 0.000010 0.121010
1.000000 0.200000 0.035000 0.057000 0.092000
1.000000 0.225000 0.035000 0.057000 0.092000
1.000000 0.250000 0.000010 0.052000 0.052010
1.000000 0.275000 0.000010 0.050000 0.050010
1.000000 0.300000 0.000010 0.030000 0.030010
1.000000 0.325000 0.000010 0.020000 0.020010
1.000000 0.350000 0.000010 0.012000 0.012010
1.000000 0.375000 0.000010 0.008000 0.008010
1.000000 0.400000 0.000010 0.011000 0.011010
1.000000 0.425000 0.000010 0.001000 0.001010
1.000000 0.450000 0.000010 0.004000 0.004010
1.000000 0.475000 0.000010 0.004000 0.004010
1.000000 0.500000 0.000010 0.000010 0.000020
1.000000 0.525000 0.000010 0.001000 0.001010
1.000000 0.550000 0.000010 0.000010 0.000020
1.000000 0.575000 0.000010 0.000010 0.000020
1.000000 0.600000 0.000010 0.000010 0.000020
1.000000 0.625000 0.000010 0.000010 0.000020
1.000000 0.650000 0.000010 0.001000 0.001010
1.000000 0.675000 0.000010 0.000010 0.000020
1.000000 0.700000 0.000010 0.000010 0.000020

