0.192205
0.252858
0.321173
0.398118
0.267745
0.348138
0.286102
0.363866
0.316890
0.302490
0.271057
0.319164
0.334890
0.272663
0.264449
0.355465
0.448441
0.311168
0.411064
0.379757
0.380109
0.403260
0.189406
0.263593
0.292486
0.288018
0.354271
0.286880
0.390773
0.267249
0.320213
0.264867
0.259245
0.271826
0.286737
0.335553
0.434112
0.238886
0.316027
0.376580
0.239327
0.241300
0.484174
0.325648
0.315415
0.214720
0.236286
0.384412
0.293567
0.203027
0.338950
0.390838
0.368141
0.266670
0.344093
0.243442
0.381602
0.403267
0.260449
0.290891
0.224777
0.197333
0.324532
0.271320
0.249810
0.263303
0.317955
0.347325
0.396947
0.340230
0.450314
0.353692
0.408217
0.243687
0.207014
0.210451
0.318853
0.292576
0.260842
0.256490
0.305232
0.337602
0.328256
0.260779
0.263466
0.374976
0.269275
0.420043
0.293840
0.308242
0.281844
0.312011
0.387704
0.278183
0.277805
0.388412
0.327001
0.240360
0.323003
0.192139
0.217483
0.296112
0.483616
0.331706
0.254507
0.306552
0.249149
0.307519
0.343892
0.266133
0.361219
0.256150
0.358618
0.217909
0.297489
0.277703
0.270029
0.312876
0.391904
0.269607
0.235921
0.348851
0.314093
0.240819
0.349768
0.299858
0.244401
0.318137
0.282736
0.384909
0.328506
0.319118
0.316439
0.304376
0.332480
0.328323
0.317830
0.315138
0.379899
0.355037
0.323992
0.320705
0.209126
0.218468
0.198720
0.286917
0.299675
0.433571
0.269540
0.217618
0.517601
0.231273
0.436304
0.324090
0.155984
0.321588
0.255470
0.238656
0.372794
0.254184
0.444119
0.316580
0.305980
0.253718
0.361672
0.332748
0.175228
0.166805
0.291170
0.219733
0.285344
0.259621
0.318397
0.433411
0.216833
0.305111
0.390299
0.187790
0.341712
0.279428
0.368223
0.258079
0.320720
0.234684
0.281175
0.302129
0.351726
0.312345
0.289867
0.265905
0.235158
0.307215
0.255902
0.253831
0.352571
0.345014
0.249714
0.295292
0.348285
0.311747
0.408354
0.299487
0.325734
0.375727
0.272871
0.347234
0.227561
0.347721
0.334591
0.308984
0.295740
0.284467
0.283911
0.308572
0.300736
0.438154
0.294825
0.371583
0.284833
0.342654
0.356598
0.324777
0.313211
0.312686
0.351859
0.338112
0.343400
0.289069
0.305767
0.171875
0.317946
0.338533
0.454625
0.238013
0.286314
0.201265
0.378711
0.246459
0.479509
0.313113
0.330192
0.288275
0.254822
0.295206
0.380302
0.376407
0.399161
0.371528
0.251623
0.287738
0.363189
0.274617
0.316152
0.465928
0.204674
0.330046
0.531415
0.319539
0.211302
0.255830
0.430878
0.323205
0.316487
0.266397
0.294326
0.419775
0.378953
0.413674
0.354465
0.377102
0.312431
0.291336
0.254736
0.369273
0.434208
0.282680
0.397913
0.431381
0.271701
0.161000
0.240074
0.320722
0.390718
0.224919
0.312823
0.467264
0.220724
0.370189
0.250254
0.332851
0.293205
0.264332
0.316444
0.307130
0.216796
0.363729
0.314005
0.326838
0.357107
0.295125
0.199368
0.365397
0.392108
0.341541
0.220617
0.221595
0.384808
0.364925
0.356182
0.288731
0.344674
0.279252
0.358603
0.241612
0.407675
0.348386
0.235907
0.280248
0.329774
0.298426
0.233353
0.244995
0.181652
0.243165
0.383832
0.258597
0.346320
0.267335
0.346029
0.379073
0.239399
0.223916
0.242224
0.183672
0.242164
0.315041
0.434389
0.317481
0.398436
0.308869
0.196094
0.321773
0.266139
0.390058
0.229027
0.166520
0.295979
0.306100
0.226414
0.410538
0.373763
0.235309
0.370641
0.260171
0.300411
0.358047
0.301749
0.360739
0.265218
0.390770
0.234690
0.335058
0.358864
0.344567
0.291215
0.233739
0.375237
0.303489
0.373853
0.394041
0.307593
0.284598
0.172049
0.395763
0.246828
0.288393
0.251904
0.174037
0.352103
0.241008
0.351391
0.373374
0.208839
0.315917
0.299632
0.244514
0.276859
0.234035
0.244423
0.274920
0.304214
0.307429
0.414628
0.305832
0.161883
0.265790
0.271816
0.407315
0.410241
0.387651
0.252890
0.276347
0.517425
0.299645
0.380302
0.228805
0.419316
0.327904
0.151303
0.400538
0.290460
0.328606
0.324059
0.306819
0.354889
0.385406
0.494220
0.236545
0.222490
0.248358
0.187344
0.414752
0.297515
0.353327
0.339336
0.215507
0.270835
0.382831
0.279900
0.202163
0.371213
0.279734
0.321020
0.365770
0.254616
0.293574
0.375912
0.231724
0.294819
0.391563
0.328533
0.228780
0.240009
0.309398
0.263391
0.259873
0.306188
0.359648
0.365210
0.290637
0.266984
0.200174
0.229759
0.330605
0.296093
0.305343
0.248707
0.275012
0.326856
0.331076
0.383987
0.260384
0.354956
0.368885
0.281395
0.327815
0.413732
0.305432
0.351817
0.249396
0.363509
0.308377
0.390223
0.378078
0.337824
0.278407
0.324978
0.146330
0.303589
0.290826
0.382015
0.375531
0.332817
0.334195
0.343453
0.287943
0.304907
0.396468
0.317496
0.314060
0.250988
0.328626
0.275748
0.358119
0.328502
0.300405
0.307018
0.247882
0.246817
0.282688
0.284204
0.345993
0.216974
0.296075
0.256936
0.236124
0.303829
0.349427
0.269476
0.351883
0.373844
0.331643
0.243809
0.292004
0.308615
0.318367
0.244255
0.162589
0.251853
0.217397
0.278582
0.186494
0.267482
0.305985
0.435684
0.361840
0.302682
0.397388
0.380333
0.316303
0.328747
0.363036
0.386014
0.226702
0.328732
0.174287
0.309513
0.362585
0.277023
0.235855
0.255436
0.312631
0.182009
0.404879
0.376552
0.343866
0.279619
0.238013
0.400518
0.258490
0.211554
0.247070
0.246829
0.291587
0.246739
0.382346
0.343164
0.420201
0.314299
0.271926
0.320011
0.337195
0.351629
0.316176
0.295276
0.304331
0.337588
0.381914
0.224157
0.279049
0.454922
0.238683
0.316673
0.347374
0.243622
0.301059
0.354597
0.598357
0.292424
0.191511
0.238563
0.271384
0.313042
0.300980
0.276892
0.298729
0.419700
0.250153
0.136050
0.475801
0.351176
0.337146
0.384485
0.368259
0.321983
0.273455
0.259930
0.342755
0.436631
0.404176
0.285332
0.364622
0.313579
0.290922
0.240981
0.262386
0.265658
0.327478
0.371629
0.238172
0.405485
0.405586
0.303378
0.240757
0.152435
0.231233
0.263000
0.255963
0.377955
0.268995
0.283379
0.327475
0.206837
0.363236
0.262548
0.302261
0.242882
0.472673
0.240494
0.334532
0.375814
0.286307
0.326543
0.393546
0.440477
0.455898
0.208647
0.235984
0.252237
0.343079
0.435743
0.363852
0.231681
0.274136
0.263553
0.278474
0.370956
0.291527
0.489430
0.299766
0.338734
0.349209
0.308729
0.313667
0.306053
0.303739
0.283086
0.233019
0.414585
0.199629
0.190650
0.341971
0.289850
0.245038
0.287172
0.249790
0.305970
0.242041
0.255936
0.263903
0.314651
0.288409
0.273157
0.330985
0.241400
0.329763
0.241760
0.270780
0.245887
0.261335
0.318514
0.406062
0.417273
0.295490
0.239790
0.237660
0.240540
0.356657
0.340041
0.416530
0.501681
0.313507
0.297965
0.236198
0.226685
0.294967
0.516705
0.384737
0.302722
0.181545
0.405362
0.383337
0.376908
0.294115
0.350997
0.422295
0.229501
0.396304
0.261958
0.381623
0.462860
0.395426
0.221823
0.308109
0.424265
0.366518
0.369654
0.386824
0.282180
0.332281
0.159245
0.393748
0.283397
0.361297
0.205555
0.362840
0.210915
0.297612
0.199422
0.332265
0.277379
0.266307
0.293130
0.355922
0.346976
0.476033
0.420820
0.493061
0.291739
0.358239
0.280320
0.326905
0.264533
0.238444
0.245526
0.274923
0.515516
0.414592
0.202652
0.474237
0.245599
0.290850
0.296875
0.265261
0.372508
0.347063
0.240390
0.294039
0.287365
0.329718
0.263448
0.282325
0.275075
0.269118
0.272749
0.268920
0.276349
0.241526
0.297044
0.256577
0.342976
0.325226
0.301093
0.255226
0.449148
0.285039
0.285972
0.221022
0.305455
0.223907
0.361696
0.175732
0.380213
0.313059
0.321792
0.381488
0.312249
0.273277
0.369265
0.300925
0.372782
0.153028
0.211337
0.404115
0.214034
0.221369
0.408688
0.412972
0.323932
0.302446
0.371925
0.349079
0.265200
0.236490
0.410299
0.263599
0.335240
0.434374
0.315201
0.228948
0.375449
0.353109
0.379462
0.507132
0.224909
0.428313
0.221949
0.388427
0.282297
0.308956
0.333231
0.222394
0.311745
0.362005
0.342858
0.232750
0.312003
0.232474
0.374424
0.207820
0.282771
0.287715
0.416405
0.259137
0.412487
0.346102
0.275826
0.285282
0.349195
0.280596
0.206746
0.445290
0.321792
0.386926
0.360193
0.238471
0.293294
0.407919
0.371625
0.288007
0.301422
0.339201
0.403928
0.430208
0.334764
0.323186
0.344281
0.297219
0.212521
0.194948
0.306615
0.378452
0.359324
0.352906
0.323496
0.304391
0.360320
0.442664
0.315925
0.243038
0.208438
0.267401
0.299133
0.318054
0.281114
0.280352
0.411149
0.316656
0.290295
0.067292
0.269650
0.308662
0.241988
0.355190
0.563251
0.215236
0.459539
0.297995
0.175145
0.312069
0.361007
0.123005
0.266031
0.259008
0.326794
0.225031
0.306223
0.239187
0.302361
0.266464
0.314743
0.330843
0.256451
0.246991
0.326735
0.304235
0.269289
0.435641
0.288310
0.313107
0.406483
0.380967
0.321505
0.373342
0.346986
0.430175
0.381676
0.329583
0.305333
0.434524
0.272592
0.243072
0.355270
0.224088
0.294274
0.276452
0.197307
0.364956
0.245183
0.287194
0.338966
0.284106
0.250184
0.293646
0.288552
0.323963
0.229266
0.361456
0.312788
0.317526
0.328146
0.265520
0.314791
0.297277
0.342594
0.172431
0.489374
0.303765
0.316979
0.335717
0.431704
0.331764
0.419085
0.313181
0.322889
0.367062
0.399133
0.381142
0.391796
0.239516
0.338402
0.297941
0.354685
0.381459
0.327690
0.233206
0.388326
0.325639
0.214571
0.324932
0.218436
0.377777
0.230264
0.238445
0.350356
0.288462
0.401044
0.304808
0.450374
0.405324
0.297288
0.139287
0.204743
0.380821
0.307443
0.241363
0.334486
0.265670
0.239169
0.239372
0.184778
0.319809
0.179447
0.380636
0.313954
0.278317
0.265580
0.313628
0.299079
0.215016
0.345577
0.323050
0.350409
0.362125
0.262037
0.297211
0.340188
0.334812
0.310748
0.337538
0.415222
0.319581
0.220609
0.332582
0.316640
0.247449
0.303066
0.366575
0.323458
0.276089
0.329426
0.275116
0.225987
0.275610
0.280305
0.387621
0.284578
0.337126
0.234600
0.347821
0.435590
0.276436
0.349122
0.287758
0.400382
0.268958
0.332786
0.333630
0.369586
0.375964
0.511242
0.392643
0.348427
0.366045
0.282332
0.268545
0.297511
0.324498
0.301322
0.289475
0.264803
0.453783
0.281478
0.223662
0.425252
0.346139
0.379828
0.266307
0.388272
0.254804
0.205940
0.344379
0.336381
0.238326
0.368939
0.314208
0.311044
0.365239
0.350397
0.350602
0.271119
0.246214
0.361680
0.261423
0.381659
0.387584
0.278587
0.255752
0.305158
0.287902
0.325222
0.331871
0.298261
0.324582
0.261289
0.341866
0.248955
0.203492
0.274534
0.211204
0.373205
0.320006
0.239713
0.267371
0.285939
0.260648
0.235504
0.287882
0.266371
0.395031
0.250585
0.363797
0.234411
0.289702
0.419465
0.405427
0.338382
0.291727
0.267089
0.326087
0.324896
0.374581
0.399910
0.373976
0.410936
0.181824
0.383691
0.280520
0.209747
0.247545
0.351405
0.380287
0.264263
0.338985
0.360960
0.465666
0.193255
0.217605
0.311416
0.388910
0.380413
0.299839
0.318525
0.155914
0.343827
0.314943
0.255727
0.370001
0.338969
0.291167
0.290905
0.332358
0.247320
0.303118
0.242230
0.259141
0.231571
0.272019
0.548702
0.325507
0.360551
0.334054
0.290991
0.277173
0.324026
0.383991
0.217899
0.487399
0.373042
0.284859
0.265762
0.380418
0.322770
0.386481
0.277270
0.321953
0.326333
0.370541
0.179233
0.288148
0.341621
0.378593
0.281448
0.329270
0.230469
0.240873
0.258602
0.307776
0.404841
0.326150
0.295013
0.340080
0.150880
0.239031
0.278211
0.265658
0.444171
0.228251
0.255677
0.244696
0.302379
0.318292
0.351698
0.251133
0.186971
0.329672
0.244569
0.315189
0.326501
0.173888
0.178602
0.356035
0.339883
0.337385
0.209018
0.226421
0.314798
0.189009
0.257899
0.197557
0.364884
0.308142
0.262823
0.311893
0.440396
0.260508
0.322504
0.408153
0.213254
0.340776
0.341333
0.345911
0.271450
0.216392
0.396968
0.226652
0.308504
0.352688
0.257301
0.195159
0.336247
0.209927
0.264522
0.276386
0.307711
0.285736
0.268667
0.249627
0.348794
0.311298
0.318268
0.333950
0.318021
0.399323
0.279966
0.351049
0.188155
0.290583
0.298754
0.286596
0.266338
0.367681
0.265689
0.444407
0.318854
0.284835
0.421046
0.285828
0.377882
0.376884
0.330870
0.313296
0.307782
0.190574
0.241001
0.292150
0.270702
0.301387
0.396930
0.324905
0.289027
0.255272
0.256584
0.224576
0.278978
0.288240
0.505312
0.233069
0.235941
0.286901
0.335476
0.237300
0.234351
0.307299
0.340493
0.258894
0.288741
0.321415
0.260362
0.262313
0.208476
0.271311
0.276626
0.314254
0.420335
0.224727
0.312545
0.323448
0.284119
0.323325
0.295193
0.266568
0.363386
0.228173
0.271482
0.191087
0.300285
0.292820
0.271037
0.343604
0.252580
0.314457
0.367311
0.423261
0.292150
0.278943
0.377803
0.292078
0.175242
0.264567
0.315092
0.368642
0.321166
0.319110
0.406940
0.344131
0.520303
0.288756
0.287218
0.365134
0.342993
0.201459
0.294403
0.409454
0.248230
0.399845
0.343560
0.203749
0.518827
0.201339
0.196522
0.184573
0.325808
0.316271
0.328817
0.433471
0.250738
0.269203
0.472512
0.379575
0.317984
0.305132
0.181502
0.315335
0.318371
0.321394
0.247278
0.328125
0.312554
0.336359
0.300550
0.183649
0.404493
0.281049
0.263793
0.317872
0.397885
0.286222
0.331147
0.323968
0.443378
0.243536
0.328316
0.308450
0.349020
0.325357
0.277564
0.349747
0.345550
0.327714
0.290004
0.270074
0.465437
0.218125
0.295954
0.354386
0.320802
0.340563
0.295952
0.454453
0.234412
0.298342
0.256873
0.247265
0.279579
0.308876
0.258881
0.381252
0.336475
0.205181
0.305821
0.233920
0.223816
0.351904
0.327081
0.352181
0.237785
0.296997
0.254440
0.341533
0.343261
0.291665
0.224889
0.240452
0.355097
0.247323
0.180272
0.245707
0.226893
0.415570
0.315733
0.410086
0.422550
0.274654
0.306563
0.367782
0.275363
0.414768
0.295722
0.293262
0.292370
0.368488
0.306818
0.275606
0.336929
0.326879
0.221534
0.268510
0.315837
0.315504
0.399012
0.212313
0.476782
0.259916
0.483699
0.330945
0.265754
0.349849
0.354584
0.211093
0.367561
0.261055
0.284251
0.269883
0.358601
0.415521
0.335917
0.198798
0.223863
0.268610
0.394357
0.314416
0.404789
0.260449
0.370571
0.333603
0.277899
0.269667
0.354437
0.148916
0.282188
0.377518
0.286314
0.331229
0.298520
0.392242
0.239846
0.404052
0.224008
0.193512
0.433160
0.221958
0.297101
0.199053
0.289934
0.391684
0.374995
0.298431
0.237542
0.138916
0.225777
0.345676
0.291208
0.295637
0.342661
0.226235
0.305363
0.290208
0.286492
0.393406
0.314575
0.386284
0.215259
0.322286
0.359489
0.336974
0.322474
0.325577
0.315638
0.285498
0.418324
0.332565
0.298783
0.207620
0.232756
0.352107
0.296803
0.363569
0.322806
0.350501
0.308689
0.185362
0.349773
0.238211
0.271063
0.332919
0.260155
0.257023
0.281721
0.286089
0.239999
0.186319
0.279945
0.319160
0.332124
0.339960
0.302437
0.425335
0.300274
0.297360
0.418571
0.333820
0.377039
0.319466
0.374622
0.300382
0.282690
0.431579
0.328885
0.325792
0.304937
0.450429
0.296684
0.339015
0.392883
0.360868
0.553966
0.262691
0.369188
0.261737
0.270356
0.257118
0.260074
0.205076
0.221730
0.183060
0.401063
0.339049
0.338105
0.096813
0.348666
0.234862
0.400311
0.263713
0.424792
0.291574
0.265772
0.253858
0.321587
0.203453
0.308234
0.229303
0.335733
0.276724
0.162031
0.246469
0.366556
0.483790
0.348208
0.260744
0.406776
0.126891
0.225362
0.368583
0.455425
0.270834
0.261264
0.353482
0.284834
0.376994
0.215621
0.255706
0.266357
0.235496
0.456517
0.315674
0.168266
0.252777
0.348679
0.389973
0.325271
0.262726
0.331038
0.288622
0.245639
0.282190
0.316900
0.332560
0.271329
0.311516
0.279141
0.302838
0.252350
0.195102
0.491400
0.318740
0.350895
0.236608
0.352060
0.254481
0.209318
0.261184
0.289556
0.394987
0.341584
0.318142
0.281392
0.260643
0.249703
0.347294
0.337502
0.187561
0.363001
0.274612
0.203371
0.242626
0.350487
0.243247
0.289250
0.336015
0.308907
0.176785
0.338261
0.451533
0.308818
0.279675
0.306112
0.329970
0.394595
0.254078
0.243497
0.373803
0.349586
0.286405
0.218303
0.290819
0.328163
0.201764
0.308494
0.316474
0.274659
0.256345
0.295209
0.268091
0.305263
0.283901
0.268987
0.347100
0.325909
0.381468
0.373745
0.315740
0.319663
0.217377
0.317106
0.344473
0.430604
0.263476
0.167082
0.183311
0.395472
0.281848
0.286754
0.250276
0.237302
0.282776
0.242161
0.279748
0.396034
0.204442
0.312160
0.308689
0.381339
0.232948
0.497873
0.268494
0.471196
0.462589
0.316511
0.261836
0.477702
0.429170
0.235445
0.221541
0.305284
0.294155
0.347817
0.350949
0.419398
0.346863
0.334441
0.287588
0.312529
0.342804
0.284592
0.267552
0.293932
0.350137
0.200807
0.240641
0.395902
0.246955
0.283538
0.305512
0.298621
0.314526
0.264837
0.171103
0.336549
0.249684
0.311789
0.359696
0.344146
0.265447
0.245461
0.195087
0.415778
0.319856
0.428383
0.304197
0.346515
0.412776
0.272593
0.419847
0.406250
0.323193
0.203875
0.224766
0.274375
0.245874
0.353246
0.273466
0.309775
0.396852
0.257225
0.315372
0.243627
0.253078
0.334925
0.238836
0.429727
0.238225
0.338311
0.252199
0.214308
0.209073
0.275191
0.388687
0.179948
0.236103
0.350487
0.249796
0.301802
0.363028
0.257111
0.307958
0.154706
0.285765
0.312647
0.249719
0.282135
0.364496
0.236362
0.330897
0.450932
0.237699
0.360223
0.353711
0.302214
0.350895
0.391320
0.297532
0.360451
0.317616
0.348531
0.296639
0.260247
0.236157
0.453938
0.479913
0.332064
0.383350
0.455045
0.400037
0.252423
0.281346
0.250929
0.187084
0.358711
0.290812
0.347522
0.289856
0.202058
0.249030
0.367953
0.253642
0.353346
0.287740
0.322042
0.192490
0.353103
0.286117
0.241960
0.313477
0.249019
0.247548
0.303519
0.265879
0.261794
0.197331
0.301291
0.385953
0.357712
0.322352
0.362954
0.237786
0.279382
0.227346
0.273230
0.297200
0.357153
0.291805
0.243407
0.306004
0.253726
0.245574
0.248605
0.449311
0.282201
0.308452
0.267009
0.244382
0.359510
0.301433
0.232178
0.358720
0.312651
0.348715
0.336069
0.310110
0.267500
0.353134
0.395848
0.247526
0.312448
0.327769
0.276223
0.370880
0.295913
0.291120
0.339602
0.411153
0.320360
0.473619
0.392395
0.297057
0.294862
0.246262
0.193795
0.276401
0.336321
0.196816
0.410152
0.432061
0.176769
0.221383
0.302662
0.265012
0.327125
0.303037
0.363194
0.325981
0.330730
0.342275
0.248045
0.265181
0.225823
0.296294
0.259008
0.158462
0.341146
0.258296
0.194258
0.349851
0.339997
0.327030
0.261192
0.438584
0.260076
0.190928
0.311268
0.290789
0.263446
0.293601
0.372498
0.291081
0.321973
0.260974
0.299280
0.398946
0.213284
0.337907
0.352071
0.280524
0.332732
0.351615
0.336659
0.255631
0.309439
0.190403
0.290569
0.363912
0.177854
0.291617
0.410997
0.300567
0.259203
0.228481
0.400767
0.381329
0.226878
0.483936
0.282055
0.316804
0.319766
0.382179
0.325782
0.367482
0.204269
0.263012
0.309394
0.431665
0.303300
0.232479
0.341051
0.297809
0.242286
0.410257
0.226873
0.361935
0.420267
0.331248
0.165022
0.179916
0.446685
0.250917
0.358015
0.261712
0.311446
0.401997
0.302821
0.407433
0.370342
0.273069
0.325516
0.385071
0.179588
0.285089
0.341554
0.266858
0.284524
0.279319
0.244527
0.430994
0.444408
0.494897
0.266029
0.308250
0.248030
0.296523
