0.443195
0.097464
0.211517
0.094929
0.134519
0.145373
0.191195
0.162191
0.154090
0.231053
0.254687
0.130825
0.163176
0.281500
0.078260
0.103861
0.171272
0.155431
0.099494
0.149747
0.240496
0.119644
0.094784
0.145051
0.091659
0.131891
0.175805
0.352088
0.175580
0.096694
0.137376
0.186379
0.219712
0.262247
0.287224
0.201026
0.154994
0.112038
0.220430
0.085550
0.247666
0.134886
0.196116
0.094992
0.119539
0.116047
0.156477
0.136706
0.123860
0.273077
0.274331
0.464723
0.077701
0.116895
0.071246
0.144630
0.175220
0.401936
0.170792
0.269161
0.053247
0.068253
0.321479
0.080015
0.284716
0.097703
0.096000
0.104712
0.308484
0.213576
0.298707
0.094952
0.133048
0.084542
0.146192
0.103386
0.134067
0.242224
0.093551
0.133616
0.046490
0.204218
0.141019
0.284119
0.074283
0.192843
0.158486
0.213161
0.081918
0.112497
0.122169
0.145873
0.123233
0.125116
0.186217
0.193541
0.059577
0.092854
0.186084
0.136698
0.129887
0.158975
0.250820
0.154074
0.398509
0.124188
0.193224
0.151749
0.081895
0.237037
0.168542
0.102016
0.519225
0.146041
0.108485
0.230292
0.146938
0.123153
0.118755
0.157460
0.154496
0.125276
0.085379
0.081071
0.171387
0.292644
0.079549
0.120014
0.130970
0.162986
0.231243
0.189596
0.226961
0.123766
0.263114
0.164610
0.202116
0.132334
0.183957
0.135080
0.153024
0.343849
0.210709
0.337473
0.167386
0.160567
0.118254
0.192649
0.097594
0.130552
0.072443
0.254782
0.154310
0.158310
0.190416
0.109695
0.110156
0.379307
0.102030
0.058809
0.095801
0.140836
0.117129
0.134945
0.124224
0.075699
0.237368
0.084389
0.119847
0.232265
0.071025
0.164651
0.227559
0.193562
0.361838
0.124202
0.090288
0.115485
0.179903
0.163492
0.190567
0.172720
0.274379
0.090573
0.096143
0.140452
0.260448
0.147477
0.309108
0.148817
0.063416
0.139187
0.199923
0.135639
0.163529
0.129596
0.265315
0.128503
0.168056
0.185078
0.087761
0.197074
0.103281
0.239970
0.085008
0.290020
0.149142
0.185154
0.129307
0.111974
0.150487
0.180938
0.162304
0.160254
0.123988
0.232414
0.120920
0.154324
0.187754
0.226346
0.107121
0.108332
0.167224
0.151965
0.142129
0.073499
0.119613
0.259909
0.079789
0.203079
0.211693
0.094802
0.145522
0.299272
0.128483
0.400529
0.081415
0.102111
0.194241
0.210989
0.143926
0.167787
0.459627
0.140819
0.141683
0.066906
0.147959
0.216000
0.122715
0.178660
0.147985
0.092976
0.159142
0.140244
0.099264
0.199786
0.121719
0.137058
0.085027
0.171904
0.266850
0.251049
0.225924
0.122993
0.384262
0.150954
0.202407
0.347730
0.284292
0.150752
0.127202
0.162030
0.094343
0.289373
0.106811
0.124949
0.206864
0.159511
0.103178
0.122656
0.142836
0.134716
0.148025
0.262311
0.139620
0.076245
0.162429
0.185143
0.042415
0.256856
0.205847
0.139852
0.228448
0.324949
0.079810
0.265962
0.143627
0.063419
0.163714
0.111586
0.085351
0.454584
0.277422
0.262286
0.153275
0.112640
0.169101
0.053751
0.114782
0.363517
0.255070
0.111764
0.131883
0.057882
0.300475
0.079818
0.177455
0.212948
0.181481
0.063967
0.156481
0.040523
0.168480
0.125926
0.179297
0.138381
0.314798
0.198476
0.194691
0.149590
0.254148
0.183043
0.141861
0.152272
0.088035
0.145619
0.178479
0.228762
0.211881
0.145419
0.166421
0.195648
0.147907
0.184644
0.127442
0.136514
0.122663
0.160330
0.222870
0.115185
0.248585
0.288611
0.101805
0.175991
0.121484
0.305111
0.125758
0.185190
0.248967
0.376849
0.199898
0.125875
0.188892
0.137422
0.136963
0.172574
0.392694
0.172338
0.110893
0.116272
0.204315
0.140539
0.165971
0.139553
0.131961
0.253806
0.185369
0.176967
0.121605
0.123580
0.133192
0.131702
0.161896
0.146022
0.194663
0.251651
0.156075
0.105152
0.144980
0.286047
0.111580
0.125347
0.044972
0.096346
0.238242
0.398174
0.061732
0.231028
0.063925
0.234165
0.125146
0.377365
0.147730
0.090585
0.083571
0.428171
0.170714
0.079959
0.150285
0.143270
0.182727
0.160796
0.097360
0.269188
0.146170
0.088852
0.366342
0.152168
0.214041
0.156810
0.315569
0.100813
0.135621
0.143082
0.122335
0.162265
0.190746
0.127286
0.127395
0.150541
0.157086
0.266438
0.144103
0.227577
0.168359
0.141270
0.041597
0.151388
0.196772
0.110785
0.253721
0.094832
0.101071
0.129470
0.131002
0.140101
0.243773
0.123339
0.165205
0.122068
0.171630
0.107102
0.110811
0.084529
0.195759
0.307716
0.226885
0.137861
0.105064
0.163726
0.154644
0.123044
0.133488
0.252794
0.115757
0.144145
0.118741
0.145491
0.165457
0.044397
0.234375
0.148594
0.069677
0.195122
0.160929
0.110803
0.186098
0.139969
0.112088
0.117060
0.184375
0.154984
0.079721
0.152310
0.127843
0.139319
0.337439
0.162998
0.322372
0.161183
0.181747
0.092943
0.127866
0.155468
0.120486
0.050319
0.145282
0.328661
0.171587
0.076824
0.145581
0.085044
0.117722
0.087090
0.123977
0.125318
0.147282
0.115501
0.245689
0.119678
0.270718
0.184551
0.078144
0.091466
0.210470
0.076730
0.125654
0.130068
0.336482
0.097058
0.119349
0.071222
0.138016
0.148324
0.174811
0.150312
0.206232
0.126785
0.360503
0.078475
0.103646
0.120216
0.147713
0.157249
0.133140
0.145942
0.141029
0.177962
0.221828
0.157896
0.322024
0.174671
0.210927
0.156146
0.127275
0.129788
0.225000
0.216455
0.104763
0.166522
0.133825
0.294463
0.334453
0.133069
0.144956
0.152559
0.073830
0.141461
0.185340
0.175430
0.163862
0.313792
0.243205
0.102036
0.164505
0.336906
0.239295
0.155365
0.176656
0.123166
0.146453
0.092599
0.156179
0.219732
0.128420
0.093505
0.147768
0.123529
0.104728
0.250295
0.182435
0.079647
0.285447
0.138513
0.183805
0.272792
0.434524
0.124132
0.257086
0.208621
0.181185
0.104121
0.096603
0.182914
0.118870
0.148188
0.215768
0.245140
0.123414
0.116995
0.166788
0.099416
0.144838
0.183934
0.105401
0.123857
0.083878
0.154851
0.266875
0.064833
0.119527
0.256617
0.178692
0.148649
0.136629
0.355655
0.138728
0.077357
0.244139
0.125135
0.154651
0.139798
0.078177
0.147998
0.324868
0.094516
0.092814
0.109160
0.072492
0.142385
0.138600
0.274277
0.300393
0.108640
0.081419
0.146530
0.323303
0.232980
0.190166
0.136267
0.111170
0.224588
0.197591
0.197817
0.144432
0.179392
0.202820
0.385626
0.089943
0.141212
0.621899
0.216009
0.101872
0.181052
0.117496
0.328150
0.227498
0.100839
0.128189
0.205794
0.203992
0.150629
0.225383
0.175164
0.126721
0.102298
0.185404
0.170960
0.178046
0.108937
0.098298
0.228467
0.144454
0.101998
0.121457
0.071595
0.088753
0.154501
0.185361
0.283238
0.282188
0.112702
0.290313
0.186523
0.178743
0.125373
0.234370
0.327919
0.315186
0.353982
0.098296
0.072941
0.174822
0.190463
0.135988
0.086519
0.139693
0.352646
0.130582
0.081598
0.257073
0.100236
0.265296
0.150696
0.108463
0.145529
0.288142
0.100101
0.072678
0.296200
0.180614
0.180702
0.129860
0.163009
0.252924
0.148814
0.188254
0.114309
0.119996
0.216372
0.084288
0.221864
0.172926
0.181882
0.122114
0.100046
0.133373
0.103290
0.246576
0.102583
0.113133
0.168457
0.118616
0.227724
0.154956
0.103691
0.128976
0.111457
0.131184
0.216388
0.112941
0.395386
0.183594
0.157166
0.197502
0.126694
0.178676
0.237997
0.266284
0.098897
0.107697
0.090133
0.164945
0.113476
0.129984
0.286601
0.202945
0.120329
0.252197
0.130671
0.169639
0.225603
0.120935
0.210028
0.097183
0.116964
0.154166
0.134395
0.144133
0.133009
0.175663
0.143944
0.073690
0.250588
0.107838
0.292660
0.226381
0.105789
0.133234
0.113232
0.156245
0.107172
0.118140
0.139288
0.171794
0.130924
0.125908
0.174559
0.169808
0.144218
0.101650
0.245898
0.171153
0.133495
0.144728
0.297047
0.152223
0.259149
0.122292
0.291515
0.109469
0.125255
0.166744
0.131017
0.125691
0.098984
0.135795
0.182747
0.193845
0.303375
0.188916
0.040169
0.098806
0.088013
0.262538
0.152621
0.249606
0.093577
0.150074
0.120361
0.126907
0.232029
0.303356
0.063900
0.101722
0.229117
0.073800
0.135369
0.104123
0.097416
0.100690
0.215025
0.152181
0.157280
0.121419
0.158061
0.095685
0.107569
0.216966
0.223904
0.165537
0.323597
0.069814
0.106404
0.171556
0.084430
0.237170
0.060869
0.192884
0.127346
0.227407
0.284315
0.261361
0.102388
0.213273
0.106330
0.280095
0.109989
0.149459
0.111848
0.190743
0.163541
0.182359
0.259853
0.271594
0.318662
0.144000
0.309494
0.102319
0.112467
0.095990
0.079776
0.169839
0.157301
0.192205
0.275148
0.189211
0.117691
0.137308
0.085160
0.160456
0.177212
0.106884
0.131505
0.111794
0.134062
0.129989
0.144004
0.144133
0.430979
0.095625
0.129316
0.093542
0.270253
0.254347
0.211509
0.253565
0.136344
0.242115
0.142176
0.230664
0.154657
0.194411
0.209964
0.129893
0.175936
0.253802
0.474918
0.168677
0.341670
0.172730
0.113978
0.148916
0.401360
0.133085
0.156323
0.106076
0.193847
0.246691
0.149915
0.198719
0.172031
0.169343
0.080219
0.168582
0.255760
0.155352
0.081422
0.294988
0.125258
0.256479
0.113703
0.111319
0.270871
0.137906
0.177050
0.186408
0.168483
0.141893
0.302528
0.130107
0.141966
0.145392
0.068832
0.192957
0.106068
0.155636
0.068421
0.063229
0.150864
0.153148
0.050298
0.270968
0.131079
0.276572
0.126711
0.131750
0.058126
0.153000
0.114139
0.150095
0.133492
0.211065
0.213035
0.101096
0.405512
0.135047
0.174685
0.121520
0.141073
0.101661
0.093253
0.117269
0.179952
0.141876
0.190153
0.182990
0.237467
0.184434
0.165262
0.301506
0.168306
0.227231
0.086195
0.164893
0.152672
0.174553
0.231956
0.142599
0.178471
0.214314
0.224553
0.233162
0.189478
0.254981
0.094412
0.153923
0.068154
0.206111
0.176940
