0.305435
0.348559
0.220511
0.331048
0.238150
0.377259
0.244409
0.334414
0.203928
0.261368
0.260696
0.270905
0.229345
0.295955
0.239189
0.209662
0.245963
0.311930
0.267779
0.323699
0.273336
0.260121
0.250008
0.318481
0.340968
0.267845
0.309269
0.278109
0.389530
0.343678
0.306448
0.424702
0.285624
0.404478
0.342185
0.233928
0.320402
0.222512
0.320401
0.375438
0.300755
0.333660
0.350854
0.362129
0.302963
0.295000
0.394477
0.301291
0.264650
0.285508
0.326758
0.292969
0.277276
0.247349
0.381360
0.384211
0.250734
0.252003
0.332701
0.342315
0.340467
0.369828
0.370968
0.211514
0.380988
0.292128
0.305372
0.218851
0.418572
0.256092
0.233325
0.212996
0.281969
0.233953
0.202312
0.277154
0.345092
0.366130
0.386613
0.299350
0.361058
0.213191
0.372247
0.211434
0.371677
0.204170
0.419022
0.222331
0.232599
0.272093
0.351131
0.250706
0.303020
0.377091
0.490807
0.285290
0.297683
0.297700
0.336639
0.333715
0.223978
0.305433
0.246385
0.288059
0.372163
0.267906
0.260209
0.229876
0.273820
0.289823
0.304347
0.261346
0.215394
0.345195
0.244773
0.342937
0.328487
0.260621
0.228776
0.317768
0.305012
0.214229
0.267541
0.309542
0.343011
0.284238
0.216360
0.325294
0.279323
0.240549
0.317010
0.312147
0.220951
0.329142
0.203235
0.306350
0.231183
0.249301
0.277376
0.320648
0.280245
0.290930
0.208881
0.410281
0.297320
0.355680
0.209242
0.311868
0.267764
0.278404
0.343953
0.279858
0.313043
0.373679
0.374240
0.215192
0.317619
0.401569
0.329457
0.246578
0.310142
0.292896
0.308559
0.409537
0.309522
0.243618
0.369840
0.224440
0.224440
0.317608
0.266758
0.234427
0.251904
0.266101
0.299535
0.265992
0.335501
0.251580
0.211324
0.347478
0.292948
0.247877
0.370514
0.203665
0.383575
0.293898
0.355878
0.219502
0.258680
0.228744
0.387576
0.231702
0.338970
0.438749
0.253742
0.323705
0.275617
0.271343
0.252627
0.274847
0.346834
0.306510
0.301931
0.204055
0.238866
0.205492
0.243043
0.285365
0.209007
0.209960
0.293884
0.366982
0.373746
0.206305
0.252447
0.242794
0.312348
0.268607
0.331521
0.324161
0.295925
0.336218
0.314496
0.274678
0.284212
0.237384
0.271244
0.314203
0.403888
0.322097
0.281574
0.239377
0.337505
0.286086
0.236304
0.209082
0.314004
0.281292
0.363264
0.264986
0.294991
0.367728
0.324907
0.284456
0.406141
0.314649
0.320268
0.280130
0.311913
0.233389
0.234092
0.340442
0.293215
0.338467
0.221158
0.350689
0.315209
0.300644
0.309575
0.298939
0.290867
0.309669
0.287179
0.408361
0.294720
0.330374
0.404590
0.302736
0.261329
0.347202
0.391641
0.294775
0.285148
0.227692
0.230823
0.216176
0.262233
0.315773
0.327384
0.246016
0.345070
0.441240
0.282982
0.360076
0.281291
0.373533
0.263973
0.291098
0.372087
0.306711
0.335264
0.335520
0.214502
0.280757
0.331969
0.247958
0.271530
0.280606
0.245148
0.330532
0.356187
0.347744
0.222883
0.297608
0.322532
0.355232
0.298489
0.315967
0.262293
0.291379
0.262065
0.275239
0.256942
0.228005
0.455906
0.329030
0.261325
0.381678
0.322532
0.402046
0.268917
0.324441
0.316795
0.253651
0.410500
0.223308
0.308620
0.207056
0.337302
0.275410
0.241925
0.293633
0.378318
0.309609
0.328646
0.226945
0.298704
0.238545
0.245021
0.332209
0.258668
0.286843
0.253107
0.286756
0.361348
0.242019
0.368158
0.268128
0.265158
0.417928
0.233119
0.298783
0.449315
0.202525
0.260511
0.326152
0.341800
0.240147
0.202878
0.236682
0.215436
0.211136
0.277686
0.313363
0.237617
0.316785
0.209361
0.415552
0.236168
0.264144
0.225892
0.294887
0.370582
0.376509
0.233783
0.305657
0.205380
0.271442
0.352955
0.203996
0.275796
0.313456
0.286340
0.246348
0.352721
0.360564
0.322042
0.309624
0.260327
0.289274
0.314773
0.209128
0.403144
0.325269
0.219771
0.326120
0.214320
0.241800
0.271058
0.203358
0.339625
0.370246
0.267285
0.255248
0.332464
0.296627
0.393837
0.291123
0.239638
0.329191
0.333817
0.377080
0.238803
0.229943
0.226747
0.402163
0.203753
0.224869
0.276047
0.321355
0.310135
0.257191
0.278678
0.249687
0.214343
0.251441
0.271965
0.371880
0.411774
0.247672
0.267488
0.413601
0.235809
0.222284
0.264774
0.334729
0.290889
0.365432
0.230435
0.306620
0.248372
0.244078
0.242662
0.290476
0.363802
0.223688
0.224636
0.355739
0.360432
0.251339
0.259088
0.243857
0.356466
0.240857
0.256475
0.275288
0.213368
0.263103
0.233277
0.278128
0.260187
0.469778
0.278681
0.301388
0.277887
0.270162
0.339424
0.211040
0.264098
0.273624
0.286069
0.293902
0.249012
0.256083
0.355510
0.379374
0.335385
0.247027
0.322652
0.254710
0.410797
0.353436
0.297589
0.284940
0.246752
0.342405
0.308760
0.209063
0.288733
0.328970
0.291183
0.256002
0.220236
0.235274
0.241627
0.326088
0.369314
0.346642
0.317042
0.341436
0.280250
0.338385
0.226147
0.324393
0.323743
0.215105
0.227585
0.271160
0.337032
0.293928
0.324692
0.546847
0.269909
0.289714
0.249364
0.308081
0.221104
0.308682
0.211108
0.288101
0.397082
0.245950
0.366484
0.202828
0.390405
0.273253
0.305465
0.261341
0.332788
0.341816
0.229186
0.208955
0.352902
0.251590
0.233319
0.290588
0.308414
0.390628
0.203141
0.284678
0.226462
0.226113
0.343065
0.445209
0.317256
0.301983
0.389652
0.301810
0.299558
0.404186
0.285123
0.207005
0.288816
0.224378
0.340058
0.245872
0.353151
0.304800
0.296625
0.216790
0.345243
0.375645
0.288949
0.323342
0.203775
0.335067
0.301142
0.267782
0.268778
0.286494
0.493288
0.293276
0.233819
0.297492
0.219503
0.294953
0.229481
0.231275
0.241653
0.250656
0.321440
0.270735
0.333958
0.281733
0.210779
0.389083
0.301158
0.288094
0.236263
0.282053
0.283153
0.238469
0.431217
0.311982
0.255719
0.234480
0.262993
0.290137
0.287683
0.372508
0.210029
0.273302
0.207495
0.309870
0.237822
0.249999
0.247078
0.293727
0.265679
0.270128
0.350080
0.421141
0.261686
0.292590
0.250904
0.232369
0.231255
0.315057
0.315276
0.236231
0.242980
0.278286
0.262831
0.228513
0.375419
0.297900
0.367482
0.286996
0.292100
0.246628
0.246867
0.373906
0.240299
0.372819
0.253976
0.280623
0.221211
0.304100
0.258502
0.364182
0.204922
0.212798
0.260074
0.376051
0.283147
0.394200
0.297590
0.308568
0.317052
0.245689
0.225804
0.270153
0.377574
0.247299
0.333543
0.246637
0.353284
0.261158
0.294157
0.307401
0.258153
0.439088
0.322452
0.376610
0.322369
0.325957
0.303439
0.235300
0.216753
0.261109
0.253354
0.259685
0.253786
0.233789
0.398326
0.344263
0.362811
0.329075
0.251427
0.296834
0.357877
0.231138
0.325175
0.222844
0.327252
0.346282
0.359196
0.343285
0.202812
0.367003
0.231396
0.234438
0.337737
0.276442
0.257845
0.283085
0.409618
0.300076
0.433028
0.295124
0.277456
0.316477
0.331729
0.246452
0.297877
0.377028
0.313524
0.459864
0.203648
0.357676
0.223444
0.392183
0.232233
0.229210
0.265904
0.354609
0.218001
0.256320
0.230719
0.323669
0.202892
0.280454
0.251522
0.224653
0.290083
0.343630
0.338735
0.235164
0.351684
0.290341
0.377962
0.218742
0.374385
0.247280
0.220968
0.257491
0.265265
0.292028
0.286736
0.390410
0.215861
0.319385
0.261576
0.374734
0.351084
0.220308
0.306478
0.221963
0.329363
0.219912
0.323167
0.295944
0.287248
0.328621
0.340974
0.313815
0.346444
0.312879
0.353351
0.254693
0.392465
0.254416
0.224618
0.285236
0.287372
0.220129
0.388976
0.242635
0.279784
0.318769
0.279779
0.343344
0.215827
0.326240
0.275761
0.336652
0.314859
0.219056
0.458622
0.265798
0.249608
0.267473
