0.182922
0.249131
0.223080
0.198584
0.162664
0.264946
0.186875
0.259194
0.209335
0.288068
0.257558
0.151698
0.162832
0.209705
0.214176
0.187338
0.184295
0.267162
0.136453
0.206714
0.206948
0.194833
0.230133
0.181230
0.166089
0.261664
0.281565
0.252981
0.278154
0.111962
0.239131
0.227449
0.262259
0.235724
0.150657
0.215797
0.235488
0.205396
0.164263
0.280159
0.215271
0.229256
0.250010
0.265303
0.207818
0.279166
0.192516
0.230017
0.224872
0.277746
0.195389
0.187003
0.249177
0.268387
0.131600
0.272016
0.272582
0.215490
0.181990
0.282960
0.283963
0.251623
0.245524
0.273539
0.189873
0.228651
0.248219
0.246147
0.216414
0.231382
0.147958
0.231139
0.208345
0.268507
0.151790
0.190283
0.268453
0.211855
0.272268
0.175913
0.190298
0.227678
0.174605
0.195827
0.224860
0.164939
0.264258
0.280601
0.232258
0.270955
0.274112
0.174765
0.135700
0.271347
0.178529
0.270032
0.186446
0.201819
0.124577
0.272500
0.250261
0.206191
0.237601
0.256811
0.146851
0.200940
0.197529
0.222489
0.268697
0.123844
0.202856
0.289543
0.203807
0.124117
0.254732
0.245496
0.213325
0.182885
0.288064
0.192878
0.266454
0.281536
0.254978
0.260133
0.139102
0.212331
0.237202
0.197570
0.148203
0.221980
0.176382
0.218948
0.167759
0.175670
0.144783
0.210991
0.201149
0.175734
0.237049
0.168959
0.213997
0.233156
0.239981
0.173283
0.229341
0.206049
0.209086
0.259465
0.249238
0.158911
0.278947
0.207335
0.233870
0.218695
0.204340
0.287780
0.168811
0.187696
0.234703
0.213570
0.231314
0.208944
0.234171
0.090761
0.212307
0.276546
0.240027
0.183223
0.186499
0.148580
0.201493
0.212708
0.165977
0.274515
0.243463
0.269531
0.271327
0.218328
0.265017
0.185705
0.211841
0.223918
0.171301
0.251047
0.190879
0.266964
0.212292
0.194113
0.223808
0.190807
0.188456
0.232311
0.288222
0.222892
0.259247
0.195326
0.123784
0.238623
0.176417
0.229490
0.274936
0.223963
0.223535
0.218689
0.247638
0.203054
0.195394
0.209882
0.286157
0.244281
0.154945
0.258279
0.244462
0.226325
0.228267
0.184841
0.144967
0.201927
0.202563
0.209810
0.137935
0.283878
0.197639
0.240787
0.258024
0.217496
0.173446
0.217059
0.206835
0.168830
0.163492
0.234920
0.228518
0.180455
0.251431
0.141902
0.161065
0.196004
0.267373
0.223364
0.276170
0.264484
0.201532
0.191253
0.249872
0.168593
0.266826
0.200067
0.168997
0.218810
0.237953
0.233272
0.233165
0.286600
0.221626
0.218901
0.184241
0.118988
0.222374
0.162130
0.162711
0.276284
0.200313
0.201992
0.280436
0.259631
0.262887
0.248150
0.267797
0.286248
0.229196
0.233477
0.208151
0.195865
0.231692
0.192576
0.185154
0.265690
0.242221
0.268838
0.152941
0.279483
0.229308
0.133486
0.202247
0.190758
0.204539
0.208517
0.251955
0.230606
0.263469
0.289082
0.256717
0.266735
0.218464
0.284239
0.133239
0.224859
0.203097
0.251131
0.202033
0.242996
0.216967
0.187637
0.218799
0.235097
0.224169
0.267734
0.155419
0.280280
0.162139
0.143182
0.288284
0.236985
0.257421
0.213914
0.281988
0.268123
0.204453
0.282959
0.195187
0.165044
0.229921
0.260926
0.231599
0.208193
0.143283
0.211775
0.187963
0.241794
0.184594
0.225545
0.230006
0.188039
0.235053
0.270886
0.222033
0.261965
0.269460
0.214265
0.262427
0.208120
0.161248
0.189668
0.283927
0.251659
0.188363
0.270173
0.178820
0.166559
0.157072
0.281862
0.207868
0.209597
0.175267
0.193994
0.243422
0.242704
0.180498
0.280366
0.146342
0.247338
0.176582
0.148593
0.243308
0.183639
0.266366
0.279139
0.244984
0.244557
0.262183
0.243218
0.196651
0.243269
0.267372
0.132395
0.279950
0.263900
0.209541
0.184761
0.202823
0.270303
0.221777
0.175501
0.238473
0.164880
0.210622
0.204643
0.241090
0.179067
0.272164
0.269191
0.143134
0.285491
0.240088
0.244798
0.159586
0.271773
0.187686
0.205419
0.244913
0.248091
0.250598
0.254497
0.265969
0.223313
0.251175
0.219745
0.247116
0.200425
0.142192
0.273192
0.249687
0.181124
0.242172
0.164001
0.273659
0.228946
0.149667
0.170667
0.232400
0.217224
0.162876
0.270700
0.169950
0.182147
0.274886
0.224739
0.172128
0.170013
0.189227
0.219159
0.272145
0.250199
0.188711
0.179531
0.255732
0.284266
0.269053
0.241934
0.183920
0.185427
0.204172
0.197257
0.280352
0.106219
0.215303
0.180458
0.122978
0.233148
0.246847
0.257452
0.164762
0.228947
0.171840
0.216444
0.262256
0.190940
0.255599
0.271755
0.256878
0.213956
0.268117
0.233686
0.207823
0.202360
0.227368
0.194950
0.244206
0.182487
0.187643
0.278065
0.170980
0.271648
0.163209
0.199686
0.268500
0.257180
0.249770
0.190835
0.229259
0.222905
0.234542
0.264312
0.171399
0.153737
0.235635
0.265241
0.268007
0.282388
0.182149
0.256586
0.272823
0.214774
0.231066
0.269233
0.134593
0.199222
0.266490
0.121126
0.233639
0.236540
0.234900
0.270085
0.151984
0.208978
0.266924
0.201428
0.236991
0.205001
0.205330
0.226946
0.157926
0.281091
0.209904
0.154832
0.235164
0.271641
0.192802
0.166143
0.258593
0.159187
0.179307
0.175915
0.269207
0.279230
0.254707
0.203487
0.216180
0.193864
0.244089
0.259487
0.282313
0.174836
0.194901
0.279843
0.215755
0.159129
0.189220
0.287004
0.225744
0.275097
0.212080
0.274543
0.280626
0.184950
0.211157
0.195005
0.120400
0.213205
0.180736
0.191945
0.254885
0.247552
0.201745
0.265771
0.155693
0.205200
0.247198
0.203918
0.205989
0.185473
0.154993
0.263798
0.276659
0.149822
0.190564
0.270192
0.235705
0.266022
0.197485
0.229522
0.178480
0.228005
0.236415
0.238294
0.266172
0.272843
0.195779
0.244592
0.229003
0.269088
0.149697
0.280224
0.232684
0.236838
0.289010
0.252423
0.269043
0.251860
0.238562
0.207142
0.198459
0.233685
0.114492
0.263417
0.243435
0.282931
0.158703
0.195230
0.188251
0.175496
0.210290
0.179969
0.171141
0.279492
0.163227
0.182444
0.132246
0.127293
0.226406
0.219343
0.218815
0.257041
0.224401
0.243399
0.230594
0.186581
0.260498
0.277791
0.225163
0.173957
0.181839
0.232366
0.232727
0.189357
0.272703
0.280142
0.272679
0.248630
0.262198
0.255518
0.273319
0.268238
0.246373
0.174864
0.144017
0.241055
0.276911
0.220113
0.202188
0.155397
0.260532
0.264564
0.192346
0.267284
0.249133
0.184363
0.199351
0.201840
0.226519
0.163193
0.200895
0.199450
0.193667
0.190448
0.232943
0.262194
0.176826
0.138169
0.146181
0.180781
0.260228
0.149645
0.202778
0.088981
0.231525
0.269971
0.249935
0.179838
0.243446
0.174853
0.201254
0.257726
0.289285
0.196673
0.275831
0.213894
0.206125
0.224155
0.288422
0.238662
0.214837
0.166936
0.278366
0.270813
0.211482
0.239219
0.245576
0.283456
0.190421
0.181441
0.227718
0.241577
0.185865
0.137033
0.215232
0.213977
0.233894
0.179921
0.280694
0.167190
0.237449
0.132190
0.276903
0.252035
0.271652
0.237077
0.156471
0.225225
0.223933
0.263431
0.170608
0.219393
0.140123
0.252037
0.244619
0.220553
0.244012
0.187076
0.225775
0.236231
0.237676
0.202479
0.275641
0.209546
0.187678
0.211744
0.133161
0.204662
0.284454
0.226806
0.213959
0.180075
0.146923
0.287586
0.259453
0.171035
0.219101
0.246160
0.202088
0.211805
0.247832
0.288233
0.155291
0.287109
0.233700
0.138747
0.233254
0.229995
0.241366
0.249547
0.232320
0.142956
0.225950
0.194479
0.272845
0.287602
0.196423
0.239421
0.202642
0.223343
0.206778
0.277038
0.158921
0.232526
0.234649
0.237708
0.178385
0.202328
0.228707
0.246477
0.228050
0.246232
0.228440
0.155721
0.287585
0.287157
0.212639
0.243555
0.158965
0.196091
0.151127
0.281666
0.154995
0.135581
0.153307
0.263843
0.196323
0.151192
0.226231
0.222568
0.110087
0.211484
0.274504
0.163254
0.227162
0.249364
0.278364
0.199719
0.161936
0.210453
0.246693
0.212374
0.154641
0.269621
0.281922
0.232865
0.265697
0.151889
0.197586
0.259708
0.202393
0.224826
0.225499
0.200213
0.220584
0.119275
0.155081
0.273601
0.270097
0.242541
0.275382
0.253857
0.282155
0.259894
0.183540
0.245919
0.164445
0.245085
0.269750
0.214512
0.188635
0.254592
0.177962
0.252166
0.158192
0.122250
0.202950
0.261811
0.155735
0.212530
0.199056
0.230690
0.281594
0.183644
0.219763
0.213467
0.201235
0.171468
0.257909
0.250314
0.272495
0.131268
0.204444
0.209559
0.268452
0.195564
0.274976
0.201221
0.139808
0.268948
0.214267
0.143510
0.241810
0.151414
0.191839
0.185411
0.281457
0.250524
0.246169
0.151201
0.256779
0.128181
0.225780
0.204798
0.286306
0.249253
0.263073
0.206836
0.187898
0.284742
0.209105
0.227294
0.233874
0.250153
0.286059
0.177458
0.248222
0.116503
0.212387
0.231219
0.177556
0.216538
0.279795
0.207241
0.262727
0.216702
0.233658
0.256531
0.225803
0.210345
0.182408
0.142154
0.197722
0.219499
0.260564
0.234302
0.230648
0.284653
0.274351
0.277592
0.153825
0.277074
0.288979
0.281512
0.266328
0.250429
0.147272
0.156361
0.259652
0.211364
0.181776
0.269037
0.260659
0.205912
0.244081
0.168202
0.245040
0.183658
0.205395
0.252953
0.167337
0.220777
0.201737
0.225961
0.182913
0.228215
0.260344
0.193807
0.215238
0.203751
0.206125
0.254485
0.233096
0.216123
0.245897
0.243102
0.191097
0.223110
0.243881
0.153535
0.227827
0.270857
0.211311
0.237344
0.158824
0.234766
0.215088
0.198453
0.116762
0.256690
0.255220
0.156507
0.240079
0.264128
0.267042
0.152601
0.194085
0.180835
0.212168
0.211644
0.176869
0.223277
0.239301
0.067149
0.184394
0.247778
0.153099
0.251435
0.170008
0.261250
0.169886
0.208945
0.276045
0.287140
0.230159
0.222661
0.216516
0.277188
0.253995
0.249174
0.281150
0.220276
0.192422
0.283304
0.265766
0.207779
0.288712
0.256325
0.280157
0.165363
0.263457
0.187216
0.231798
0.178136
0.165949
0.190502
0.172517
0.228049
0.222695
0.208533
0.188008
0.267926
0.161558
0.167881
0.227861
0.165854
0.245206
0.192792
0.278570
0.140335
0.187861
0.174876
0.206913
0.192090
0.176267
0.278609
0.282885
0.173147
0.284722
0.240889
0.238919
0.286380
0.199820
0.278283
0.253830
0.237240
0.185620
0.260660
0.173765
0.176614
0.134784
0.232222
0.267046
0.245594
0.235731
0.259831
0.244840
0.161274
0.128760
0.167519
0.195665
0.246276
0.173205
0.284023
0.274523
0.228934
0.198790
0.150441
0.177544
0.211409
0.276212
0.230067
0.228491
0.284086
